-2.6,10.9,-31.16736,9.389781,-3.835032,10.28553,-25.51318,10.55584,-24.24862,10.18583,-30.81077,11.43456,-17.5733,10.20224,-16.68169,10.52456,-12.67833,10.65345,-9.838839,11.72386,-3.942983,11.46854
-2.620651,10.90201,-31.20569,9.389673,-3.915011,10.24912,-25.58681,10.5615,-24.2679,10.18259,-30.85711,11.43456,-17.6693,10.20224,-16.69677,10.52926,-12.70891,10.65345,-9.869178,11.72386,-4.025663,11.5031
-2.65027,10.90673,-31.24402,9.389459,-3.994025,10.21449,-25.65953,10.5668,-24.28769,10.17956,-30.90344,11.4344,-17.7653,10.20224,-16.71246,10.53345,-12.7395,10.65345,-9.899517,11.72386,-4.095443,11.53113
-2.698911,10.91286,-31.28234,9.388727,-4.060987,10.18703,-25.73136,10.57177,-24.30799,10.17672,-30.94976,11.43348,-17.86131,10.20224,-16.72878,10.53719,-12.77008,10.65345,-9.929856,11.72386,-4.158053,11.55492
-2.747921,10.91898,-31.32064,9.38747,-4.127763,10.16065,-25.79185,10.57362,-24.33226,10.17499,-30.99607,11.4318,-17.95731,10.20224,-16.74576,10.54053,-12.80066,10.65345,-9.960196,11.72386,-4.220501,11.57769
-2.80792,10.91898,-31.35887,9.384667,-4.187842,10.13893,-25.84567,10.57362,-24.36276,10.17499,-31.04224,11.42789,-18.05331,10.20224,-16.76339,10.5435,-12.83125,10.65345,-9.990535,11.72386,-4.28291,11.59953
-2.86792,10.91898,-31.39709,9.381751,-4.247952,10.11809,-25.89949,10.57362,-24.39327,10.17499,-31.08839,11.42383,-18.14931,10.20224,-16.7817,10.54616,-12.86183,10.65345,-10.02087,11.72386,-4.345282,11.6205
-2.92792,10.91898,-31.43527,9.378456,-4.308888,10.11809,-25.95331,10.57362,-24.42377,10.17499,-31.1345,11.41926,-18.24531,10.20224,-16.80411,10.54772,-12.89242,10.65345,-10.05121,11.72386,-4.406611,11.6205
-2.98792,10.91898,-31.47342,9.374822,-4.369825,10.11809,-26.00713,10.57362,-24.45427,10.17499,-31.18056,11.41424,-18.34131,10.20224,-16.82684,10.54913,-12.923,10.65345,-10.08155,11.72386,-4.467941,11.6205
-3.04792,10.91898,-31.51154,9.370825,-4.430762,10.11809,-26.06094,10.57362,-24.48477,10.17499,-31.22656,11.40874,-18.43731,10.20224,-16.85544,10.54913,-12.95358,10.65345,-10.11189,11.72386,-4.529271,11.6205
-3.10792,10.91898,-31.54963,9.366517,-4.491699,10.11809,-26.11476,10.57362,-24.51528,10.17499,-31.27252,11.40284,-18.53331,10.20224,-16.88405,10.54913,-12.98417,10.65345,-10.14223,11.72386,-4.590601,11.6205
-3.16792,10.91898,-31.58768,9.361936,-4.552636,10.11809,-26.16858,10.57362,-24.54578,10.17499,-31.31843,11.39659,-18.62931,10.20224,-16.91266,10.54913,-13.01475,10.65345,-10.17257,11.72386,-4.651931,11.6205
-3.22792,10.91898,-31.62566,9.356785,-4.613573,10.11809,-26.2224,10.57362,-24.57628,10.17499,-31.36423,11.38962,-18.72531,10.20224,-16.94126,10.54913,-13.04533,10.65345,-10.20291,11.72386,-4.713261,11.6205
-3.28792,10.91898,-31.6636,9.35137,-4.67451,10.11809,-26.27621,10.57362,-24.60678,10.17499,-31.40999,11.38233,-18.82131,10.20224,-16.96987,10.54913,-13.07592,10.65345,-10.23325,11.72386,-4.77459,11.6205
-3.34792,10.91898,-31.70152,9.345738,-4.735447,10.11809,-26.33003,10.57362,-24.63729,10.17499,-31.4557,11.37479,-18.91731,10.20224,-16.99848,10.54913,-13.1065,10.65345,-10.26359,11.72386,-4.83592,11.6205
-3.40792,10.91898,-31.7394,9.339913,-4.796384,10.11809,-26.38385,10.57362,-24.66779,10.17499,-31.50138,11.36701,-19.01331,10.20224,-17.02708,10.54913,-13.13708,10.65345,-10.29393,11.72386,-4.89725,11.6205
-3.46792,10.91898,-31.77725,9.3339,-4.857321,10.11809,-26.43767,10.57362,-24.69829,10.17499,-31.54702,11.35901,-19.10931,10.20224,-17.05569,10.54913,-13.16767,10.65345,-10.32427,11.72386,-4.95858,11.6205
-3.52792,10.91898,-31.81508,9.32772,-4.918258,10.11809,-26.49149,10.57362,-24.72879,10.17499,-31.59262,11.35083,-19.20531,10.20224,-17.0843,10.54913,-13.19825,10.65345,-10.35461,11.72386,-5.01991,11.6205
-3.58792,10.91898,-31.85288,9.321383,-4.979195,10.11809,-26.5453,10.57362,-24.75929,10.17499,-31.63819,11.34246,-19.30132,10.20224,-17.1129,10.54913,-13.22883,10.65345,-10.38494,11.72386,-5.08124,11.6205
-3.64792,10.91898,-31.89065,9.314897,-5.040132,10.11809,-26.59912,10.57362,-24.7898,10.17499,-31.68373,11.33393,-19.39732,10.20224,-17.14151,10.54913,-13.25942,10.65345,-10.41528,11.72386,-5.14257,11.6205
-3.70792,10.91898,-31.9284,9.308267,-5.101068,10.11809,-26.65294,10.57362,-24.8203,10.17499,-31.72924,11.32524,-19.49332,10.20224,-17.17011,10.54913,-13.29,10.65345,-10.44562,11.72386,-5.203899,11.6205
-3.76792,10.91898,-31.96613,9.301502,-5.162005,10.11809,-26.70676,10.57362,-24.8508,10.17499,-31.77472,11.3164,-19.58932,10.20224,-17.19872,10.54913,-13.32058,10.65345,-10.47596,11.72386,-5.265229,11.6205
-3.827919,10.91898,-32.00382,9.294565,-5.222942,10.11809,-26.76057,10.57362,-24.8813,10.17499,-31.82017,11.30738,-19.68532,10.20224,-17.22733,10.54913,-13.35117,10.65345,-10.5063,11.72386,-5.326559,11.6205
-3.887919,10.91898,-32.04149,9.287475,-5.283879,10.11809,-26.81439,10.57362,-24.91181,10.17499,-31.86559,11.29819,-19.78132,10.20224,-17.25593,10.54913,-13.38175,10.65345,-10.53664,11.72386,-5.387889,11.6205
-3.947919,10.91898,-32.07913,9.280256,-5.344816,10.11809,-26.86821,10.57362,-24.94231,10.17499,-31.91097,11.28887,-19.87732,10.20224,-17.28454,10.54913,-13.41233,10.65345,-10.56698,11.72386,-5.449219,11.6205
-4.007919,10.91898,-32.11676,9.27294,-5.405753,10.11809,-26.92203,10.57362,-24.97281,10.17499,-31.95634,11.27946,-19.97332,10.20224,-17.31315,10.54913,-13.44292,10.65345,-10.59732,11.72386,-5.510549,11.6205
-4.067919,10.91898,-32.15436,9.265532,-5.46669,10.11809,-26.97585,10.57362,-25.00331,10.17499,-32.00169,11.26995,-20.06932,10.20224,-17.34175,10.54913,-13.4735,10.65345,-10.62766,11.72386,-5.571878,11.6205
-4.127919,10.91898,-32.19195,9.258039,-5.527627,10.11809,-27.02966,10.57362,-25.03382,10.17499,-32.04702,11.26035,-20.16532,10.20224,-17.37036,10.54913,-13.50408,10.65345,-10.658,11.72386,-5.633208,11.6205
-4.187919,10.91898,-32.22952,9.250463,-5.588564,10.11809,-27.08348,10.57362,-25.06432,10.17499,-32.09233,11.25068,-20.26132,10.20224,-17.39897,10.54913,-13.53467,10.65345,-10.68834,11.72386,-5.694538,11.6205
-4.247919,10.91898,-32.26707,9.242814,-5.649501,10.11809,-27.1373,10.57362,-25.09482,10.17499,-32.13762,11.24093,-20.35732,10.20224,-17.42757,10.54913,-13.56525,10.65345,-10.71868,11.72386,-5.755868,11.6205
-4.307919,10.91898,-32.30462,9.235093,-5.710438,10.11809,-27.19112,10.57362,-25.12532,10.17499,-32.1829,11.23112,-20.45332,10.20224,-17.45618,10.54913,-13.59583,10.65345,-10.74902,11.72386,-5.817198,11.6205
-4.367919,10.91898,-32.34214,9.227302,-5.771375,10.11809,-27.24493,10.57362,-25.15582,10.17499,-32.22817,11.22124,-20.54932,10.20224,-17.48479,10.54913,-13.62642,10.65345,-10.77936,11.72386,-5.878528,11.6205
-4.427919,10.91898,-32.37966,9.219441,-5.832312,10.11809,-27.29875,10.57362,-25.18633,10.17499,-32.27343,11.2113,-20.64532,10.20224,-17.51339,10.54913,-13.657,10.65345,-10.80969,11.72386,-5.939857,11.6205
-4.487919,10.91898,-32.41715,9.211493,-5.893249,10.11809,-27.35257,10.57362,-25.21683,10.17499,-32.31866,11.20127,-20.74133,10.20224,-17.542,10.54913,-13.68758,10.65345,-10.84003,11.72386,-6.001187,11.6205
-4.547919,10.91898,-32.45463,9.203474,-5.954185,10.11809,-27.40639,10.57362,-25.24733,10.17499,-32.36388,11.19118,-20.83733,10.20224,-17.5706,10.54913,-13.71817,10.65345,-10.87037,11.72386,-6.062517,11.6205
-4.607919,10.91898,-32.4921,9.195401,-6.015122,10.11809,-27.46021,10.57362,-25.27783,10.17499,-32.4091,11.18105,-20.93333,10.20224,-17.59921,10.54913,-13.74875,10.65345,-10.90071,11.72386,-6.123847,11.6205
-4.667919,10.91898,-32.52956,9.187277,-6.076059,10.11809,-27.51402,10.57362,-25.30834,10.17499,-32.4543,11.17087,-21.02933,10.20224,-17.62782,10.54913,-13.77933,10.65345,-10.93105,11.72386,-6.185177,11.6205
-4.727919,10.91898,-32.56701,9.17911,-6.136996,10.11809,-27.56784,10.57362,-25.33884,10.17499,-32.49949,11.16066,-21.12533,10.20224,-17.65642,10.54913,-13.80992,10.65345,-10.96139,11.72386,-6.246507,11.6205
-4.787919,10.91898,-32.60444,9.170901,-6.197933,10.11809,-27.62166,10.57362,-25.36934,10.17499,-32.54467,11.1504,-21.22133,10.20224,-17.68503,10.54913,-13.8405,10.65345,-10.99173,11.72386,-6.307837,11.6205
-4.847919,10.91898,-32.64187,9.162657,-6.25887,10.11809,-27.67548,10.57362,-25.39984,10.17499,-32.58985,11.14012,-21.31733,10.20224,-17.71364,10.54913,-13.87108,10.65345,-11.02207,11.72386,-6.369166,11.6205
-4.907918,10.91898,-32.67929,9.154377,-6.319807,10.11809,-27.72929,10.57362,-25.43035,10.17499,-32.63502,11.12981,-21.41333,10.20224,-17.74224,10.54913,-13.90167,10.65345,-11.05241,11.72386,-6.430496,11.6205
-4.967918,10.91898,-32.71671,9.146063,-6.380744,10.11809,-27.78311,10.57362,-25.46085,10.17499,-32.68019,11.11948,-21.50933,10.20224,-17.77085,10.54913,-13.93225,10.65345,-11.08275,11.72386,-6.491826,11.6205
-5.027918,10.91898,-32.75412,9.137719,-6.441681,10.11809,-27.83693,10.57362,-25.49135,10.17499,-32.72535,11.10912,-21.60533,10.20224,-17.79946,10.54913,-13.96283,10.65345,-11.11309,11.72386,-6.553156,11.6205
-5.087918,10.91898,-32.79152,9.129346,-6.502618,10.11809,-27.89075,10.57362,-25.52185,10.17499,-32.7705,11.09873,-21.70133,10.20224,-17.82806,10.54913,-13.99342,10.65345,-11.14343,11.72386,-6.614486,11.6205
-5.147918,10.91898,-32.82891,9.120935,-6.563555,10.11809,-27.94456,10.57362,-25.55235,10.17499,-32.81565,11.08832,-21.79733,10.20224,-17.85667,10.54913,-14.024,10.65345,-11.17377,11.72386,-6.675816,11.6205
-5.207918,10.91898,-32.86629,9.11249,-6.624492,10.11809,-27.99838,10.57362,-25.58286,10.17499,-32.86079,11.07788,-21.89333,10.20224,-17.88527,10.54913,-14.05458,10.65345,-11.2041,11.72386,-6.737145,11.6205
-5.267918,10.91898,-32.90368,9.104017,-6.685429,10.11809,-28.0522,10.57362,-25.61336,10.17499,-32.90593,11.06742,-21.98933,10.20224,-17.91388,10.54913,-14.08517,10.65345,-11.23444,11.72386,-6.798475,11.6205
-5.327918,10.91898,-32.94105,9.095521,-6.746366,10.11809,-28.10602,10.57362,-25.64386,10.17499,-32.95106,11.05694,-22.08533,10.20224,-17.94249,10.54913,-14.11575,10.65345,-11.26478,11.72386,-6.859805,11.6205
-5.387918,10.91898,-32.97842,9.087004,-6.807302,10.11809,-28.15984,10.57362,-25.67436,10.17499,-32.99619,11.04645,-22.18134,10.20224,-17.97109,10.54913,-14.14633,10.65345,-11.29512,11.72386,-6.921135,11.6205
-5.447918,10.91898,-33.01578,9.078468,-6.868239,10.11809,-28.21365,10.57362,-25.70487,10.17499,-33.04131,11.03594,-22.27734,10.20224,-17.9997,10.54913,-14.17692,10.65345,-11.32546,11.72386,-6.982465,11.6205
-5.507918,10.91898,-33.05314,9.069914,-6.929176,10.11809,-28.26747,10.57362,-25.73537,10.17499,-33.08644,11.02542,-22.37334,10.20224,-18.02831,10.54913,-14.2075,10.65345,-11.3558,11.72386,-7.043795,11.6205
-5.567918,10.91898,-33.0905,9.061342,-6.990113,10.11809,-28.32129,10.57362,-25.76587,10.17499,-33.13156,11.01489,-22.46934,10.20224,-18.05691,10.54913,-14.23808,10.65345,-11.38614,11.72386,-7.105124,11.6205
-5.627918,10.91898,-33.12785,9.052755,-7.05105,10.11809,-28.37511,10.57362,-25.79637,10.17499,-33.17667,11.00435,-22.56534,10.20224,-18.08552,10.54913,-14.26867,10.65345,-11.41648,11.72386,-7.166454,11.6205
-5.687918,10.91898,-33.1652,9.044153,-7.111987,10.11809,-28.42892,10.57362,-25.82688,10.17499,-33.22179,10.9938,-22.66134,10.20224,-18.11413,10.54913,-14.29925,10.65345,-11.44682,11.72386,-7.227784,11.6205
-5.747918,10.91898,-33.20255,9.035538,-7.172924,10.11809,-28.48274,10.57362,-25.85738,10.17499,-33.2669,10.98324,-22.75734,10.20224,-18.14273,10.54913,-14.32983,10.65345,-11.47716,11.72386,-7.289114,11.6205
-5.807918,10.91898,-33.23989,9.026902,-7.233861,10.11809,-28.53656,10.57362,-25.88788,10.17499,-33.31201,10.97266,-22.85334,10.20224,-18.17134,10.54913,-14.36042,10.65345,-11.5075,11.72386,-7.350444,11.6205
-5.867918,10.91898,-33.27723,9.01825,-7.294798,10.11809,-28.59038,10.57362,-25.91838,10.17499,-33.35712,10.96208,-22.94934,10.20224,-18.19995,10.54913,-14.391,10.65345,-11.53784,11.72386,-7.411774,11.6205
-5.927917,10.91898,-33.31456,9.009586,-7.355735,10.11809,-28.6442,10.57362,-25.94888,10.17499,-33.40223,10.95148,-23.04534,10.20224,-18.22855,10.54913,-14.42158,10.65345,-11.56818,11.72386,-7.473104,11.6205
-5.987917,10.91898,-33.3519,9.000912,-7.416672,10.11809,-28.69801,10.57362,-25.97939,10.17499,-33.44733,10.94088,-23.14134,10.20224,-18.25716,10.54913,-14.45217,10.65345,-11.59851,11.72386,-7.534433,11.6205
-6.047917,10.91898,-33.38923,8.992228,-7.477609,10.11809,-28.75183,10.57362,-26.00989,10.17499,-33.49243,10.93028,-23.23734,10.20224,-18.28576,10.54913,-14.48275,10.65345,-11.62885,11.72386,-7.595763,11.6205
-6.107917,10.91898,-33.42656,8.983534,-7.538546,10.11809,-28.80565,10.57362,-26.04039,10.17499,-33.53753,10.91967,-23.33334,10.20224,-18.31437,10.54913,-14.51333,10.65345,-11.65919,11.72386,-7.657093,11.6205
-6.167917,10.91898,-33.46388,8.974833,-7.599483,10.11809,-28.85947,10.57362,-26.07089,10.17499,-33.58263,10.90905,-23.42934,10.20224,-18.34298,10.54913,-14.54392,10.65345,-11.68953,11.72386,-7.718423,11.6205
-6.227917,10.91898,-33.50121,8.966123,-7.660419,10.11809,-28.91328,10.57362,-26.1014,10.17499,-33.62774,10.89843,-23.52534,10.20224,-18.37158,10.54913,-14.5745,10.65345,-11.71987,11.72386,-7.779753,11.6205
-6.287917,10.91898,-33.53853,8.957405,-7.721356,10.11809,-28.9671,10.57362,-26.1319,10.17499,-33.67283,10.88781,-23.62135,10.20224,-18.40019,10.54913,-14.60508,10.65345,-11.75021,11.72386,-7.841083,11.6205
-6.347917,10.91898,-33.57585,8.948681,-7.782293,10.11809,-29.02092,10.57362,-26.1624,10.17499,-33.71793,10.87718,-23.71735,10.20224,-18.4288,10.54913,-14.63567,10.65345,-11.78055,11.72386,-7.902412,11.6205
-6.407917,10.91898,-33.61317,8.939949,-7.84323,10.11809,-29.07474,10.57362,-26.1929,10.17499,-33.76303,10.86654,-23.81335,10.20224,-18.4574,10.54913,-14.66625,10.65345,-11.81089,11.72386,-7.963742,11.6205
-6.467917,10.91898,-33.65049,8.931208,-7.904167,10.11809,-29.12856,10.57362,-26.22341,10.17499,-33.80812,10.8559,-23.90935,10.20224,-18.48601,10.54913,-14.69683,10.65345,-11.84123,11.72386,-8.025072,11.6205
-6.527917,10.91898,-33.68781,8.922459,-7.965104,10.11809,-29.18237,10.57362,-26.25391,10.17499,-33.85321,10.84526,-24.00535,10.20224,-18.51462,10.54913,-14.72742,10.65345,-11.87157,11.72386,-8.086402,11.6205
-6.587917,10.91898,-33.72512,8.913704,-8.026041,10.11809,-29.23619,10.57362,-26.28441,10.17499,-33.89831,10.83461,-24.10135,10.20224,-18.54322,10.54913,-14.758,10.65345,-11.90191,11.72386,-8.147732,11.6205
-6.647917,10.91898,-33.76243,8.904944,-8.086978,10.11809,-29.29001,10.57362,-26.31491,10.17499,-33.9434,10.82397,-24.19735,10.20224,-18.57183,10.54913,-14.78858,10.65345,-11.93225,11.72386,-8.209062,11.6205
-6.707917,10.91898,-33.79974,8.89618,-8.147915,10.11809,-29.34383,10.57362,-26.34542,10.17499,-33.98849,10.81331,-24.29335,10.20224,-18.60044,10.54913,-14.81917,10.65345,-11.96259,11.72386,-8.270391,11.6205
-6.767917,10.91898,-33.83706,8.887412,-8.208852,10.11809,-29.39764,10.57362,-26.37592,10.17499,-34.03358,10.80266,-24.38935,10.20224,-18.62904,10.54913,-14.84975,10.65345,-11.99292,11.72386,-8.331721,11.6205
-6.827917,10.91898,-33.87437,8.87864,-8.269789,10.11809,-29.45146,10.57362,-26.40642,10.17499,-34.07867,10.79201,-24.48535,10.20224,-18.65765,10.54913,-14.88033,10.65345,-12.02326,11.72386,-8.393051,11.6205
-6.887917,10.91898,-33.91167,8.869864,-8.330726,10.11809,-29.50528,10.57362,-26.43692,10.17499,-34.12376,10.78135,-24.58135,10.20224,-18.68625,10.54913,-14.91092,10.65345,-12.0536,11.72386,-8.454381,11.6205
-6.947917,10.91898,-33.94898,8.861085,-8.391663,10.11809,-29.5591,10.57362,-26.46742,10.17499,-34.16885,10.77069,-24.67735,10.20224,-18.71486,10.54913,-14.9415,10.65345,-12.08394,11.72386,-8.515711,11.6205
-7.007916,10.91898,-33.98629,8.852302,-8.4526,10.11809,-29.61292,10.57362,-26.49793,10.17499,-34.21394,10.76003,-24.77335,10.20224,-18.74347,10.54913,-14.97208,10.65345,-12.11428,11.72386,-8.577041,11.6205
-7.067916,10.91898,-34.0236,8.843514,-8.513536,10.11809,-29.66673,10.57362,-26.52843,10.17499,-34.25903,10.74936,-24.86935,10.20224,-18.77207,10.54913,-15.00267,10.65345,-12.14462,11.72386,-8.638371,11.6205
-7.127916,10.91898,-34.0609,8.834723,-8.574473,10.11809,-29.72055,10.57362,-26.55893,10.17499,-34.30412,10.7387,-24.96535,10.20224,-18.80068,10.54913,-15.03325,10.65345,-12.17496,11.72386,-8.6997,11.6205
-7.187916,10.91898,-34.09821,8.825929,-8.63541,10.11809,-29.77437,10.57362,-26.58943,10.17499,-34.34921,10.72803,-25.06136,10.20224,-18.82929,10.54913,-15.06384,10.65345,-12.2053,11.72386,-8.76103,11.6205
-7.247916,10.91898,-34.13551,8.817131,-8.696347,10.11809,-29.82819,10.57362,-26.61994,10.17499,-34.3943,10.71737,-25.15736,10.20224,-18.85789,10.54913,-15.09442,10.65345,-12.23564,11.72386,-8.822355,11.62125
-7.307916,10.91898,-34.17281,8.808331,-8.757284,10.11809,-29.882,10.57362,-26.66081,10.1748,-34.43939,10.7067,-25.25336,10.20224,-18.8865,10.54913,-15.125,10.65345,-12.26598,11.72386,-8.883671,11.6226
-7.367916,10.91898,-34.21012,8.79953,-8.818221,10.11809,-29.93582,10.57362,-26.70224,10.17459,-34.48448,10.69603,-25.34936,10.20224,-18.91511,10.54913,-15.15559,10.65345,-12.29632,11.72386,-8.944972,11.62449
-7.427916,10.91898,-34.24742,8.790726,-8.879158,10.11809,-29.98964,10.57362,-26.74422,10.17436,-34.52956,10.68536,-25.44536,10.20224,-18.94371,10.54913,-15.18617,10.65345,-12.32666,11.72386,-9.006255,11.62688
-7.487916,10.91898,-34.28473,8.781919,-8.940095,10.11809,-30.04346,10.57362,-26.78675,10.1741,-34.57465,10.67468,-25.54136,10.20224,-18.97232,10.54913,-15.21675,10.65345,-12.357,11.72386,-9.067519,11.62971
-7.547916,10.91898,-34.32203,8.773111,-9.001032,10.11809,-30.09727,10.57362,-26.82982,10.17382,-34.61974,10.66401,-25.63736,10.20224,-19.00093,10.54913,-15.24734,10.65345,-12.38733,11.72386,-9.128762,11.63297
-7.607916,10.91898,-34.35933,8.764302,-9.061969,10.11809,-30.15109,10.57362,-26.87343,10.17351,-34.66482,10.65334,-25.73336,10.20224,-19.02953,10.54913,-15.27792,10.65345,-12.41767,11.72386,-9.189984,11.6366
-7.667916,10.91898,-34.39663,8.755491,-9.122906,10.11809,-30.20491,10.57362,-26.91756,10.17317,-34.70991,10.64267,-25.82936,10.20224,-19.05814,10.54913,-15.3085,10.65345,-12.44801,11.72386,-9.251185,11.64057
-7.727916,10.91898,-34.43393,8.746678,-9.183843,10.11809,-30.25873,10.57362,-26.96223,10.1728,-34.75499,10.63199,-25.92536,10.20224,-19.08674,10.54913,-15.33909,10.65345,-12.47835,11.72386,-9.312366,11.64486
-7.787916,10.91898,-34.47123,8.737864,-9.24478,10.11809,-30.31255,10.57362,-27.00741,10.17239,-34.80008,10.62132,-26.02136,10.20224,-19.11535,10.54913,-15.36967,10.65345,-12.50869,11.72386,-9.373521,11.64948
-7.847916,10.91898,-34.50853,8.729047,-9.305717,10.11809,-30.36636,10.57362,-27.05311,10.17194,-34.84517,10.61064,-26.11736,10.20224,-19.14396,10.54913,-15.40025,10.65345,-12.53903,11.72386,-9.434654,11.65439
-7.907916,10.91898,-34.54583,8.720229,-9.366653,10.11809,-30.42018,10.57362,-27.09931,10.17144,-34.89025,10.59996,-26.21336,10.20224,-19.17256,10.54913,-15.43084,10.65345,-12.56937,11.72386,-9.49577,11.65952
-7.967916,10.91898,-34.58313,8.711411,-9.42759,10.11809,-30.474,10.57362,-27.14602,10.17089,-34.93534,10.58929,-26.30936,10.20224,-19.20117,10.54913,-15.46142,10.65345,-12.59971,11.72386,-9.556869,11.66484
-8.027916,10.91898,-34.62043,8.702591,-9.488527,10.11809,-30.52782,10.57362,-27.19322,10.17028,-34.98042,10.57861,-26.40536,10.20224,-19.22978,10.54913,-15.492,10.65345,-12.63005,11.72386,-9.617952,11.67033
-8.087916,10.91898,-34.65773,8.69377,-9.549464,10.11809,-30.58163,10.57362,-27.24092,10.16959,-35.02551,10.56793,-26.50137,10.20224,-19.25838,10.54913,-15.52259,10.65345,-12.66039,11.72386,-9.679022,11.67598
-8.147917,10.91898,-34.69503,8.684949,-9.610401,10.11809,-30.63545,10.57362,-27.2891,10.16883,-35.07059,10.55725,-26.59737,10.20224,-19.28699,10.54913,-15.55317,10.65345,-12.69073,11.72386,-9.740078,11.68177
-8.207917,10.91898,-34.73232,8.676126,-9.671338,10.11809,-30.68927,10.57362,-27.33777,10.16797,-35.11568,10.54658,-26.69337,10.20224,-19.3156,10.54913,-15.58375,10.65345,-12.72107,11.72386,-9.801122,11.68768
-8.267918,10.91898,-34.76962,8.667303,-9.732275,10.11809,-30.74309,10.57362,-27.38691,10.16701,-35.16077,10.5359,-26.78937,10.20224,-19.3442,10.54913,-15.61434,10.65345,-12.75141,11.72386,-9.862155,11.69371
-8.327918,10.91898,-34.80692,8.658479,-9.793212,10.11809,-30.79691,10.57362,-27.43651,10.16591,-35.20585,10.52522,-26.88537,10.20224,-19.37281,10.54913,-15.64492,10.65345,-12.78174,11.72386,-9.923178,11.69985
-8.387918,10.91898,-34.84421,8.649653,-9.854149,10.11809,-30.85072,10.57362,-27.48658,10.16466,-35.25094,10.51454,-26.98137,10.20224,-19.40141,10.54913,-15.6755,10.65345,-12.81208,11.72386,-9.98419,11.70608
-8.447919,10.91898,-34.88151,8.640827,-9.915086,10.11809,-30.90452,10.57218,-27.5371,10.16322,-35.29602,10.50386,-27.07737,10.20224,-19.43002,10.54913,-15.70609,10.65345,-12.84242,11.72386,-10.04519,11.71239
-8.507919,10.91898,-34.9188,8.632,-9.976023,10.11809,-30.95827,10.5695,-27.58806,10.16154,-35.34111,10.49318,-27.17337,10.20224,-19.45863,10.54913,-15.73667,10.65345,-12.87276,11.72386,-10.10619,11.71877
-8.56792,10.91898,-34.9561,8.623173,-10.03696,10.11809,-31.01197,10.5659,-27.63945,10.15956,-35.3862,10.4825,-27.26937,10.20224,-19.48723,10.54913,-15.76725,10.65345,-12.9031,11.72386,-10.16718,11.72522
-8.62792,10.91898,-34.9934,8.614345,-10.0979,10.11809,-31.06561,10.56152,-27.69125,10.15721,-35.43128,10.47182,-27.36537,10.20224,-19.51584,10.54913,-15.79784,10.65345,-12.93344,11.72386,-10.22816,11.73174
-8.687921,10.91898,-35.03069,8.605515,-10.15883,10.11809,-31.11919,10.55646,-27.74343,10.15435,-35.47637,10.46114,-27.46137,10.20224,-19.54445,10.54913,-15.82842,10.65345,-12.96378,11.72386,-10.28914,11.73831
-8.747921,10.91898,-35.06799,8.596686,-10.21977,10.11809,-31.1727,10.55077,-27.79596,10.15081,-35.52145,10.45046,-27.55737,10.20224,-19.57305,10.54913,-15.859,10.65345,-12.99412,11.72386,-10.35011,11.74493
-8.807921,10.91898,-35.10529,8.587856,-10.28071,10.11809,-31.22615,10.54451,-27.84874,10.14629,-35.56654,10.43978,-27.65337,10.20224,-19.60166,10.54913,-15.88959,10.65345,-13.02446,11.72386,-10.41108,11.75161
-8.867922,10.91898,-35.14258,8.579026,-10.34164,10.11809,-31.27954,10.53771,-27.90161,10.14034,-35.61163,10.4291,-27.74937,10.20224,-19.63027,10.54913,-15.92017,10.65345,-13.0548,11.72386,-10.47204,11.75832
-8.927922,10.91898,-35.17988,8.570196,-10.40258,10.11809,-31.33286,10.53041,-27.95418,10.13216,-35.65671,10.41842,-27.84538,10.20224,-19.65887,10.54913,-15.95075,10.65345,-13.08514,11.72386,-10.533,11.76507
-8.987923,10.91898,-35.21717,8.561365,-10.46352,10.11809,-31.38612,10.52266,-28.00544,10.12034,-35.7018,10.40774,-27.94138,10.20224,-19.68748,10.54913,-15.98134,10.65345,-13.11548,11.72386,-10.59395,11.77185
-9.047923,10.91898,-35.25447,8.552534,-10.52446,10.11809,-31.4393,10.51443,-28.05258,10.10289,-35.74688,10.39705,-28.03738,10.20224,-19.71609,10.54913,-16.01192,10.65345,-13.14582,11.72386,-10.6549,11.77866
-9.107924,10.91898,-35.29177,8.543702,-10.58539,10.11809,-31.49241,10.50574,-28.09001,10.07981,-35.79197,10.38637,-28.13338,10.20224,-19.74469,10.54913,-16.0425,10.65345,-13.17616,11.72386,-10.71585,11.78547
-9.167924,10.91898,-35.32906,8.53487,-10.64633,10.11809,-31.54545,10.49664,-28.11528,10.05645,-35.83706,10.37569,-28.22938,10.20224,-19.7733,10.54913,-16.07308,10.65345,-13.20649,11.72386,-10.7768,11.7923
-9.227924,10.91898,-35.36636,8.526038,-10.70727,10.11809,-31.59844,10.48725,-28.13271,10.03689,-35.88214,10.36501,-28.32538,10.20224,-19.8019,10.54913,-16.10367,10.65345,-13.23683,11.72386,-10.83775,11.79915
-9.287925,10.91898,-35.40366,8.517205,-10.7682,10.11809,-31.65139,10.4776,-28.14655,10.02121,-35.92723,10.35433,-28.42138,10.20224,-19.83051,10.54913,-16.13425,10.65345,-13.26717,11.72386,-10.89869,11.80603
-9.347925,10.91898,-35.44095,8.508372,-10.82914,10.11809,-31.70429,10.46773,-28.15894,10.00849,-35.97231,10.34365,-28.51738,10.20224,-19.85912,10.54913,-16.16483,10.65345,-13.29751,11.72386,-10.95963,11.81293
-9.407926,10.91898,-35.47825,8.499539,-10.89008,10.11809,-31.75716,10.45764,-28.17086,9.997938,-36.01717,10.33205,-28.61338,10.20224,-19.88772,10.54913,-16.19541,10.65345,-13.32785,11.72386,-11.02057,11.81985
-9.467926,10.91898,-35.51554,8.490706,-10.95101,10.11809,-31.80998,10.44735,-28.18284,9.989037,-36.0618,10.3196,-28.70938,10.20224,-19.91633,10.54913,-16.226,10.65345,-13.35819,11.72386,-11.08151,11.82679
-9.527926,10.91898,-35.55284,8.481873,-11.01195,10.11809,-31.86277,10.43687,-28.19513,9.981411,-36.1062,10.30638,-28.80538,10.20224,-19.94494,10.54913,-16.25658,10.65345,-13.38853,11.72386,-11.14244,11.83374
-9.587927,10.91898,-35.59014,8.473039,-11.07289,10.11809,-31.91552,10.42622,-28.2079,9.974805,-36.15037,10.29237,-28.90138,10.20224,-19.97354,10.54913,-16.28716,10.65345,-13.41887,11.72386,-11.20337,11.8407
-9.647927,10.91898,-35.62743,8.464205,-11.13382,10.11809,-31.96824,10.41542,-28.22124,9.96903,-36.19433,10.27773,-28.99738,10.20224,-20.00215,10.54913,-16.31774,10.65345,-13.44921,11.72386,-11.26431,11.84768
-9.707928,10.91898,-35.66473,8.455371,-11.19476,10.11809,-32.02092,10.40442,-28.23522,9.963949,-36.238,10.26225,-29.09338,10.20224,-20.03076,10.54913,-16.34833,10.65345,-13.47955,11.72386,-11.32524,11.85464
-9.767928,10.91898,-35.70203,8.446536,-11.2557,10.11809,-32.07357,10.39327,-28.24987,9.959454,-36.28141,10.24605,-29.18938,10.20224,-20.05936,10.54913,-16.37891,10.65345,-13.50989,11.72386,-11.38618,11.86158
-9.827929,10.91898,-35.73932,8.437701,-11.31664,10.11809,-32.12619,10.382,-28.26522,9.955462,-36.32462,10.22932,-29.28539,10.20224,-20.08797,10.54913,-16.40949,10.65345,-13.54023,11.72386,-11.44711,11.86854
-9.887929,10.91898,-35.77662,8.428866,-11.37757,10.11809,-32.1788,10.37064,-28.28128,9.951906,-36.36766,10.21216,-29.38139,10.20224,-20.11658,10.54913,-16.44007,10.65345,-13.57057,11.72386,-11.50804,11.87551
-9.947929,10.91898,-35.81376,8.419419,-11.43851,10.11809,-32.23138,10.35918,-28.29808,9.948734,-36.41053,10.1946,-29.47739,10.20224,-20.14518,10.54913,-16.47066,10.65345,-13.6009,11.72386,-11.56897,11.88249
-10.00793,10.91898,-35.85075,8.409375,-11.49945,10.11809,-32.28395,10.34765,-28.31561,9.945902,-36.45324,10.17665,-29.57339,10.20224,-20.17379,10.54913,-16.50124,10.65345,-13.63124,11.72386,-11.6299,11.88949
-10.06793,10.91898,-35.88759,8.398799,-11.56038,10.11809,-32.3365,10.33604,-28.33388,9.943371,-36.49581,10.15835,-29.66939,10.20224,-20.20239,10.54913,-16.53182,10.65345,-13.66158,11.72386,-11.69083,11.8965
-10.12793,10.91898,-35.92428,8.387723,-11.62132,10.11809,-32.38904,10.32436,-28.35288,9.941111,-36.53824,10.13975,-29.76539,10.20224,-20.231,10.54913,-16.5624,10.65345,-13.69192,11.72386,-11.75176,11.90351
-10.18793,10.91898,-35.96082,8.37613,-11.68226,10.11809,-32.44156,10.31262,-28.37263,9.939095,-36.58053,10.12082,-29.86139,10.20224,-20.25961,10.54913,-16.59299,10.65345,-13.72226,11.72386,-11.81269,11.91054
-10.24793,10.91898,-35.9972,8.364088,-11.74319,10.11809,-32.49407,10.30082,-28.39679,9.937949,-36.6227,10.10161,-29.95739,10.20224,-20.28821,10.54913,-16.62357,10.65345,-13.7526,11.72386,-11.87361,11.91757
-10.30793,10.91898,-36.03342,8.351556,-11.80413,10.11809,-32.54656,10.28896,-28.42729,9.937949,-36.66472,10.08211,-30.05339,10.20224,-20.31682,10.54913,-16.65415,10.65345,-13.78294,11.72386,-11.93462,11.9238
-10.36793,10.91898,-36.06946,8.338496,-11.86507,10.11809,-32.59904,10.27704,-28.45779,9.937949,-36.7066,10.06229,-30.14939,10.20224,-20.34543,10.54913,-16.68473,10.65345,-13.81328,11.72386,-11.99571,11.92921
-10.42793,10.91898,-36.10533,8.324999,-11.926,10.11809,-32.65151,10.26506,-28.48829,9.937949,-36.74836,10.04221,-30.24539,10.20224,-20.37403,10.54913,-16.71531,10.65345,-13.84362,11.72386,-12.05686,11.93397
-10.48793,10.91898,-36.14108,8.311175,-11.98694,10.11809,-32.70397,10.25305,-28.5188,9.937949,-36.79003,10.02195,-30.34139,10.20224,-20.40264,10.54913,-16.7459,10.65345,-13.87396,11.72386,-12.11804,11.93827
-10.54793,10.91898,-36.17671,8.297046,-12.04788,10.11809,-32.75642,10.24101,-28.5493,9.937949,-36.83161,10.00151,-30.43739,10.20224,-20.43125,10.54913,-16.77648,10.65345,-13.9043,11.72386,-12.17924,11.94215
-10.60793,10.91898,-36.21222,8.282631,-12.10882,10.11809,-32.80886,10.22893,-28.5798,9.937949,-36.87311,9.980908,-30.53339,10.20224,-20.45985,10.54913,-16.80706,10.65345,-13.93464,11.72386,-12.24047,11.94565
-10.66793,10.91898,-36.24763,8.267955,-12.16975,10.11809,-32.8613,10.21682,-28.6103,9.937949,-36.91454,9.960162,-30.62939,10.20224,-20.48846,10.54913,-16.83764,10.65345,-13.96498,11.72386,-12.30172,11.94882
-10.72793,10.91898,-36.28293,8.253035,-12.23069,10.11809,-32.91373,10.20469,-28.6408,9.937949,-36.9559,9.939281,-30.7254,10.20224,-20.51707,10.54913,-16.86823,10.65345,-13.99531,11.72386,-12.36298,11.95169
-10.78794,10.91898,-36.31813,8.237864,-12.29163,10.11809,-32.96616,10.19254,-28.67131,9.937949,-36.99719,9.918264,-30.8214,10.20224,-20.54567,10.54913,-16.89881,10.65345,-14.02565,11.72386,-12.42426,11.95426
-10.84794,10.91898,-36.35323,8.222466,-12.35256,10.11809,-33.01858,10.18036,-28.70181,9.937949,-37.03842,9.897125,-30.91733,10.19873,-20.57428,10.54913,-16.92939,10.65345,-14.05599,11.72386,-12.48555,11.95657
-10.90794,10.91898,-36.38824,8.206864,-12.4135,10.11809,-33.071,10.16816,-28.73231,9.937949,-37.0796,9.875878,-31.01312,10.19238,-20.60288,10.54913,-16.95997,10.65345,-14.08633,11.72386,-12.54684,11.95866
-10.96794,10.91898,-36.42314,8.191036,-12.47444,10.11809,-33.12341,10.15594,-28.76281,9.937949,-37.12071,9.854513,-31.10868,10.18316,-20.63149,10.54913,-16.99056,10.65345,-14.11667,11.72386,-12.60814,11.96052
-11.02794,10.91898,-36.45794,8.174973,-12.53537,10.11809,-33.17582,10.14371,-28.79332,9.937949,-37.16176,9.833027,-31.20395,10.17133,-20.6601,10.54913,-17.02114,10.65345,-14.14701,11.72386,-12.66945,11.96213
-11.08794,10.91898,-36.49265,8.15872,-12.59631,10.11809,-33.22822,10.13145,-28.82382,9.938158,-37.20276,9.811443,-31.29897,10.15766,-20.6887,10.54913,-17.05172,10.65345,-14.18111,11.72325,-12.71812,11.9656
-11.14794,10.91898,-36.52728,8.142307,-12.65725,10.11809,-33.28062,10.11918,-28.85432,9.938547,-37.24372,9.789781,-31.39378,10.14261,-20.71731,10.54913,-17.0823,10.65345,-14.21528,11.72262,-12.76666,11.969
-11.20794,10.91898,-36.56185,8.125747,-12.71818,10.11809,-33.33301,10.1069,-28.88482,9.939104,-37.28464,9.768045,-31.48841,10.12643,-20.74592,10.54913,-17.11289,10.65345,-14.24951,11.72196,-12.81507,11.97234
-11.26794,10.91898,-36.59635,8.109056,-12.77912,10.11809,-33.38541,10.0946,-28.91531,9.939813,-37.32552,9.746246,-31.58288,10.10935,-20.77452,10.54913,-17.14347,10.65345,-14.2838,11.72127,-12.86337,11.97566
-11.32794,10.91898,-36.63079,8.092244,-12.84006,10.11809,-33.4378,10.0823,-28.9458,9.940665,-37.36638,9.724389,-31.6772,10.09152,-20.80313,10.54913,-17.17405,10.65345,-14.32443,11.71945,-12.90389,11.9803
-11.38794,10.91898,-36.66518,8.075306,-12.901,10.11809,-33.49019,10.06999,-28.97629,9.941669,-37.4072,9.702472,-31.77139,10.07297,-20.83174,10.54913,-17.20463,10.65345,-14.36504,11.71759,-12.94446,11.98492
-11.44794,10.91898,-36.6995,8.058257,-12.96193,10.11809,-33.54258,10.05767,-29.00677,9.942806,-37.44799,9.680503,-31.86547,10.05385,-20.86034,10.54913,-17.23522,10.65345,-14.40563,11.71568,-12.98507,11.98955
-11.50794,10.91898,-36.73378,8.041111,-13.02287,10.11809,-33.59496,10.04534,-29.03724,9.944065,-37.48876,9.658489,-31.95946,10.0343,-20.88895,10.54913,-17.2658,10.65345,-14.4462,11.71373,-13.02572,11.9942
-11.56794,10.91898,-36.76801,8.023867,-13.08381,10.11809,-33.64735,10.033,-29.06771,9.945446,-37.52951,9.636431,-32.05336,10.01434,-20.91755,10.54913,-17.29638,10.65345,-14.48674,11.71174,-13.06641,11.99886
-11.62794,10.91898,-36.80219,8.006516,-13.14474,10.11809,-33.69973,10.02066,-29.09818,9.94696,-37.57022,9.614324,-32.14718,9.993988,-20.94616,10.54913,-17.32696,10.65345,-14.52727,11.70971,-13.10714,12.00354
-11.68794,10.91898,-36.83631,7.989055,-13.20568,10.11809,-33.75211,10.00831,-29.12864,9.948613,-37.61092,9.592169,-32.24092,9.973274,-20.97477,10.54913,-17.35755,10.65345,-14.56778,11.70763,-13.14792,12.00823
-11.74794,10.91898,-36.87038,7.971515,-13.26662,10.11809,-33.80449,9.995957,-29.15909,9.950371,-37.65159,9.569979,-32.33461,9.952333,-21.00337,10.54913,-17.38813,10.65345,-14.60827,11.70551,-13.18874,12.01297
-11.80794,10.91898,-36.90442,7.9539,-13.32755,10.11809,-33.86386,9.983805,-29.18953,9.952229,-37.69225,9.547756,-32.42825,9.9312,-21.03198,10.54913,-17.41871,10.65345,-14.64874,11.70335,-13.2296,12.01775
-11.86794,10.91898,-36.93843,7.936222,-13.38849,10.11809,-33.93477,9.972013,-29.21997,9.954173,-37.73289,9.525507,-32.52187,9.909922,-21.06059,10.54913,-17.44929,10.65345,-14.68301,11.70248,-13.27799,12.02097
-11.92794,10.91898,-36.9724,7.918481,-13.44943,10.11809,-34.00607,9.960363,-29.25041,9.956203,-37.77351,9.503232,-32.61545,9.888515,-21.08919,10.54913,-17.47988,10.65345,-14.72357,11.70019,-13.31866,12.02593
-11.98794,10.91898,-37.00635,7.900682,-13.51036,10.11809,-34.07777,9.948869,-29.28084,9.958315,-37.81413,9.480933,-32.709,9.866997,-21.1178,10.54913,-17.51046,10.65345,-14.76411,11.69785,-13.35939,12.03096
-12.04794,10.91898,-37.04026,7.882826,-13.5713,10.11809,-34.14983,9.937544,-29.31126,9.960508,-37.85473,9.458611,-32.80254,9.845381,-21.14641,10.54913,-17.54104,10.65345,-14.80462,11.69547,-13.40016,12.03605
-12.10794,10.91898,-37.07415,7.864921,-13.63224,10.11809,-34.22226,9.926402,-29.34168,9.962772,-37.89532,9.436268,-32.89606,9.823689,-21.17501,10.54913,-17.57162,10.65345,-14.8451,11.69304,-13.44099,12.04121
-12.16794,10.91898,-37.10801,7.846964,-13.69318,10.11809,-34.29502,9.915458,-29.37211,9.964921,-37.9359,9.413905,-32.98956,9.801928,-21.20362,10.54913,-17.60221,10.65345,-14.88555,11.69057,-13.48188,12.04645
-12.22795,10.91898,-37.14184,7.828954,-13.75411,10.11809,-34.36814,9.904726,-29.40254,9.966949,-37.97647,9.391521,-33.08305,9.780099,-21.23223,10.54913,-17.63279,10.65345,-14.92598,11.68804,-13.52281,12.05177
-12.28795,10.91898,-37.17564,7.810892,-13.81505,10.11809,-34.44157,9.894222,-29.43299,9.968855,-38.01703,9.369118,-33.17652,9.758213,-21.26083,10.54913,-17.66337,10.65345,-14.96638,11.68547,-13.56381,12.05716
-12.34795,10.91898,-37.20942,7.792783,-13.87599,10.11809,-34.51533,9.883962,-29.46344,9.970649,-38.05758,9.346696,-33.26998,9.73628,-21.28944,10.54913,-17.69395,10.65345,-15.00676,11.68284,-13.60486,12.06263
-12.40795,10.91898,-37.24318,7.774638,-13.93692,10.11809,-34.58939,9.873961,-29.49389,9.972357,-38.09811,9.324261,-33.36343,9.714317,-21.31804,10.54913,-17.72453,10.65345,-15.0471,11.68017,-13.64597,12.0682
-12.46795,10.91898,-37.27692,7.756459,-13.99786,10.11809,-34.66373,9.864238,-29.52435,9.973983,-38.13865,9.301813,-33.45688,9.692329,-21.34665,10.54913,-17.75512,10.65345,-15.08132,11.67909,-13.69453,12.07185
-12.52795,10.91898,-37.31065,7.738249,-14.0588,10.11809,-34.73835,9.85481,-29.55481,9.975531,-38.17917,9.279354,-33.55032,9.670319,-21.37526,10.54913,-17.7857,10.65345,-15.12175,11.67627,-13.73549,12.07768
-12.58795,10.91898,-37.34436,7.72001,-14.11973,10.11809,-34.81323,9.845694,-29.58528,9.977005,-38.21969,9.256885,-33.64376,9.64829,-21.40386,10.54913,-17.81628,10.65345,-15.16213,11.6734,-13.77651,12.08361
-12.64795,10.91898,-37.37806,7.701742,-14.18067,10.11809,-34.88836,9.83691,-29.61575,9.978406,-38.26021,9.234406,-33.73719,9.626245,-21.43247,10.54913,-17.84686,10.65345,-15.20249,11.67047,-13.8176,12.08964
-12.70795,10.91898,-37.41174,7.683446,-14.24161,10.11809,-34.96371,9.828477,-29.64622,9.979737,-38.30072,9.211917,-33.83062,9.604185,-21.46108,10.54913,-17.87745,10.65345,-15.24281,11.66749,-13.85877,12.09577
-12.76795,10.91898,-37.4454,7.665126,-14.30254,10.11809,-35.03927,9.820414,-29.6767,9.981003,-38.34122,9.18942,-33.92405,9.582114,-21.48968,10.54913,-17.90803,10.65345,-15.28309,11.66445,-13.90001,12.10201
-12.82795,10.91898,-37.47905,7.64678,-14.36348,10.11809,-35.11503,9.81274,-29.70718,9.982202,-38.38172,9.166914,-34.01748,9.560033,-21.51829,10.54913,-17.93861,10.65345,-15.32333,11.66136,-13.94132,12.10836
-12.88795,10.91898,-37.51269,7.628411,-14.42442,10.11809,-35.19096,9.805477,-29.73766,9.983336,-38.42222,9.1444,-34.1109,9.537943,-21.5469,10.54913,-17.96919,10.65345,-15.36354,11.65821,-13.98271,12.11481
-12.94795,10.91898,-37.54631,7.610015,-14.48536,10.11809,-35.26705,9.798646,-29.76814,9.984399,-38.46271,9.121877,-34.20432,9.515844,-21.5755,10.54913,-17.99978,10.65345,-15.3977,11.65695,-14.03147,12.11902
-13.00795,10.91898,-37.57993,7.591599,-14.54629,10.11809,-35.34327,9.792267,-29.79863,9.985405,-38.50319,9.099347,-34.29774,9.49374,-21.60411,10.54913,-18.03036,10.65345,-15.43796,11.65363,-14.07274,12.12579
-13.06795,10.91898,-37.61353,7.573166,-14.60723,10.11809,-35.41959,9.786362,-29.82911,9.986362,-38.54368,9.076813,-34.39116,9.471631,-21.63272,10.54913,-18.06094,10.65345,-15.47818,11.65026,-14.11411,12.13268
-13.12795,10.91898,-37.64713,7.554718,-14.66817,10.11809,-35.49601,9.780954,-29.8596,9.987275,-38.58416,9.054273,-34.48458,9.449518,-21.66132,10.54913,-18.09152,10.65345,-15.51836,11.64683,-14.15557,12.13969
-13.18795,10.91898,-37.68072,7.536254,-14.7291,10.11809,-35.57247,9.776064,-29.89009,9.988144,-38.62464,9.031729,-34.578,9.427402,-21.68993,10.54913,-18.12211,10.65345,-15.55849,11.64333,-14.19712,12.14681
-13.24795,10.91898,-37.71429,7.517776,-14.79004,10.11809,-35.64897,9.771712,-29.92058,9.98897,-38.66512,9.00918,-34.67142,9.405284,-21.71853,10.54913,-18.15269,10.65345,-15.59857,11.63978,-14.23877,12.15407
-13.30795,10.91898,-37.74786,7.499282,-14.85098,10.11809,-35.72546,9.76792,-29.95108,9.989751,-38.70559,8.986627,-34.76484,9.383162,-21.74714,10.54913,-18.18327,10.65345,-15.63861,11.63616,-14.28051,12.16144
-13.36795,10.91898,-37.78143,7.480776,-14.91191,10.11809,-35.80192,9.764709,-29.98157,9.990494,-38.74606,8.964069,-34.85825,9.361039,-21.77575,10.54913,-18.21385,10.65345,-15.67269,11.63471,-14.3295,12.16623
-13.42795,10.91898,-37.81499,7.462258,-14.97285,10.11809,-35.87831,9.762098,-30.01206,9.9912,-38.78613,8.940815,-34.95166,9.338915,-21.80435,10.54913,-18.24444,10.65345,-15.71276,11.63091,-14.37118,12.17397
-13.48795,10.91898,-37.84854,7.443728,-15.03379,10.11809,-35.95459,9.760107,-30.04256,9.991869,-38.82579,8.916855,-35.04508,9.316789,-21.83296,10.54913,-18.27502,10.65345,-15.75277,11.62705,-14.41297,12.18183
-13.54795,10.91898,-37.88208,7.425187,-15.09472,10.11809,-36.0304,9.757362,-30.07306,9.992501,-38.86505,8.892252,-35.13849,9.294662,-21.86157,10.54913,-18.3056,10.65345,-15.79272,11.62312,-14.45488,12.18983
-13.60795,10.91898,-37.91562,7.406633,-15.15566,10.11809,-36.10566,9.753786,-30.10355,9.993093,-38.90387,8.866963,-35.23191,9.272532,-21.89017,10.54913,-18.33618,10.65345,-15.83262,11.61913,-14.4969,12.19796
-13.66796,10.91898,-37.94915,7.38807,-15.2166,10.11809,-36.18046,9.749834,-30.13405,9.993656,-38.94238,8.841196,-35.32532,9.250403,-21.91878,10.54913,-18.36677,10.65345,-15.86665,11.61753,-14.54609,12.20323
-13.72796,10.91898,-37.98268,7.369499,-15.27754,10.11809,-36.2548,9.745659,-30.16455,9.994193,-38.98061,8.815016,-35.41874,9.228273,-21.94739,10.54913,-18.39735,10.65345,-15.90656,11.61335,-14.5881,12.21174
-13.78796,10.91898,-38.0162,7.35092,-15.33847,10.11809,-36.32867,9.741342,-30.19505,9.994704,-39.01857,8.788452,-35.51215,9.206142,-21.97599,10.54913,-18.42793,10.65345,-15.9464,11.60909,-14.63023,12.22039
-13.84796,10.91898,-38.04947,7.331885,-15.39941,10.11809,-36.40206,9.736966,-30.22554,9.995193,-39.05629,8.761539,-35.60556,9.184011,-22.0046,10.54913,-18.45851,10.65345,-15.98617,11.60477,-14.67251,12.22918
-13.90796,10.91898,-38.08246,7.312373,-15.46035,10.11809,-36.47491,9.732527,-30.25604,9.995655,-39.09374,8.734267,-35.69898,9.16188,-22.03321,10.54913,-18.4891,10.65345,-16.02588,11.60038,-14.71492,12.23811
-13.96796,10.91898,-38.1152,7.29245,-15.52128,10.11809,-36.54723,9.728149,-30.28654,9.996096,-39.13097,8.706689,-35.79239,9.139748,-22.06181,10.54913,-18.51968,10.65345,-16.05982,11.59862,-14.76437,12.24389
-14.02796,10.91898,-38.14771,7.272153,-15.58222,10.11809,-36.619,9.723908,-30.31704,9.996515,-39.168,8.678836,-35.88581,9.117616,-22.09042,10.54913,-18.55026,10.65345,-16.09952,11.59403,-14.80681,12.25323
-14.08796,10.91898,-38.17998,7.251471,-15.64316,10.11809,-36.69018,9.719808,-30.34754,9.996914,-39.20481,8.650703,-35.97813,9.091315,-22.11902,10.54913,-18.58084,10.65345,-16.13914,11.58936,-14.84941,12.26271
-14.14796,10.91898,-38.21201,7.230426,-15.70409,10.11809,-36.76064,9.715914,-30.37804,9.997292,-39.24143,8.622311,-36.06939,9.061511,-22.14763,10.54913,-18.61143,10.65345,-16.17867,11.58463,-14.89217,12.27233
-14.20796,10.91898,-38.24381,7.209029,-15.76503,10.11809,-36.83026,9.712248,-30.40854,9.997648,-39.27785,8.593668,-36.1596,9.02867,-22.17624,10.54913,-18.64201,10.65345,-16.21254,11.58274,-14.94186,12.27855
-14.26796,10.91898,-38.27536,7.187268,-15.82597,10.11809,-36.89892,9.708787,-30.43904,9.997983,-39.31406,8.564771,-36.24875,8.993062,-22.20484,10.54913,-18.67259,10.65345,-16.25204,11.5778,-14.9847,12.2886
-14.32796,10.91898,-38.30672,7.165225,-15.8869,10.11809,-36.96659,9.705605,-30.46954,9.998301,-39.35012,8.535679,-36.33713,8.955577,-22.23345,10.54913,-18.70317,10.65345,-16.29145,11.57278,-15.02772,12.29879
-14.38796,10.91898,-38.3386,7.143957,-15.94491,10.10568,-37.0332,9.702703,-30.50004,9.998603,-39.38605,8.506424,-36.42489,8.916667,-22.26206,10.54913,-18.73376,10.65345,-16.32616,11.57451,-15.07756,12.30535
-14.44796,10.91898,-38.3703,7.122404,-16.00585,10.10568,-37.09871,9.700046,-30.53054,9.998891,-39.42186,8.477021,-36.51212,8.876571,-22.29066,10.54913,-18.76434,10.65345,-16.36553,11.5693,-15.12066,12.31593
-14.50796,10.91898,-38.40179,7.100559,-16.06423,10.09318,-37.16309,9.697557,-30.56104,9.999165,-39.45755,8.447469,-36.59883,8.835379,-22.31927,10.54913,-18.79492,10.65345,-16.4056,11.56777,-15.1639,12.32663
-14.56796,10.91898,-38.4331,7.078448,-16.12517,10.09318,-37.22632,9.695187,-30.59155,9.999425,-39.49312,8.417781,-36.68511,8.793289,-22.34788,10.54913,-18.8255,10.65345,-16.4448,11.56244,-15.20734,12.33747
-14.62796,10.91898,-38.46493,7.057105,-16.18389,10.08059,-37.2884,9.692884,-30.62205,9.999673,-39.52859,8.387977,-36.77105,8.750495,-22.37648,10.54913,-18.85608,10.65345,-16.47921,11.5641,-15.25746,12.34445
-14.68796,10.91898,-38.49657,7.035473,-16.24482,10.08059,-37.34933,9.690578,-30.65255,9.999909,-39.56397,8.358062,-36.85667,8.707085,-22.40509,10.54913,-18.88667,10.65345,-16.51835,11.55856,-15.30102,12.35571
-14.74796,10.91898,-38.528,7.013537,-16.30394,10.06796,-37.40911,9.688179,-30.68305,10.00013,-39.59925,8.328031,-36.94199,8.663086,-22.43369,10.54913,-18.91725,10.65345,-16.55796,11.55674,-15.34475,12.36707
-14.80796,10.91898,-38.55924,6.99133,-16.36488,10.06796,-37.46778,9.68563,-30.71355,10.00034,-39.63445,8.297897,-37.02707,8.61862,-22.4623,10.54913,-18.94783,10.65345,-16.59163,11.55452,-15.3951,12.37441
-14.86796,10.91898,-38.59111,6.970042,-16.4244,10.0553,-37.52535,9.682856,-30.74406,10.00054,-39.66956,8.267663,-37.11193,8.573731,-22.49091,10.54913,-18.97841,10.65345,-16.63104,11.5525,-15.43898,12.3862
-14.92796,10.91898,-38.62274,6.948394,-16.48534,10.0553,-37.58187,9.679792,-30.77456,10.00073,-39.70459,8.237331,-37.1966,8.52848,-22.51951,10.54913,-19.009,10.65345,-16.66991,11.54663,-15.48311,12.39812
-14.98796,10.91898,-38.65418,6.926482,-16.54522,10.04261,-37.63739,9.676417,-30.80506,10.00091,-39.73955,8.20693,-37.28114,8.482992,-22.54812,10.54913,-19.03958,10.65345,-16.70382,11.5481,-15.53369,12.4058
-15.04797,10.91898,-38.68546,6.904327,-16.60616,10.04261,-37.69197,9.672675,-30.83556,10.00108,-39.77446,8.176465,-37.36557,8.437307,-22.57673,10.54913,-19.07016,10.65345,-16.74259,11.54202,-15.57802,12.41815
-15.10797,10.91898,-38.71728,6.882958,-16.6671,10.04261,-37.74564,9.668517,-30.86607,10.00091,-39.80931,8.145938,-37.44991,8.39145,-22.60533,10.54913,-19.10074,10.65345,-16.78124,11.53586,-15.6226,12.43063
-15.16797,10.91898,-38.74889,6.86128,-16.72745,10.03499,-37.79844,9.663889,-30.89656,10.00037,-39.84412,8.11535,-37.53416,8.345433,-22.63394,10.54913,-19.13133,10.65345,-16.81523,11.53975,-15.67346,12.43865
-15.22797,10.91898,-38.78032,6.839348,-16.78839,10.03499,-37.85045,9.658764,-30.92706,9.999543,-39.87887,8.084712,-37.61835,8.299298,-22.66255,10.54913,-19.16191,10.65345,-16.85377,11.53339,-15.71825,12.45155
-15.28797,10.91898,-38.81158,6.817178,-16.84899,10.02738,-37.90171,9.653106,-30.95754,9.998427,-39.91359,8.054028,-37.70248,8.253063,-22.69115,10.54913,-19.19249,10.65345,-16.8925,11.53329,-15.76321,12.46457
-15.34797,10.91898,-38.84343,6.795858,-16.90993,10.02738,-37.95226,9.646873,-30.98801,9.997003,-39.94826,8.023294,-37.78656,8.20673,-22.71976,10.54913,-19.22307,10.65345,-16.92591,11.53077,-15.8144,12.47294
-15.40797,10.91898,-38.87507,6.774227,-16.97086,10.02738,-38.00217,9.640039,-31.01846,9.995288,-39.98289,7.992517,-37.87059,8.160316,-22.74837,10.54913,-19.25366,10.65345,-16.96419,11.52414,-15.85972,12.48638
-15.46797,10.91898,-38.90652,6.752315,-17.03183,10.01973,-38.05148,9.632585,-31.0489,9.993304,-40.01749,7.961699,-37.95459,8.113835,-22.77697,10.54913,-19.28424,10.65345,-16.99752,11.52787,-15.91108,12.495
-15.52797,10.91898,-38.93773,6.730069,-17.09277,10.01973,-38.09982,9.618015,-31.07931,9.990997,-40.05205,7.930833,-38.03855,8.067284,-22.80558,10.54913,-19.31482,10.65345,-17.03567,11.52104,-15.95668,12.50886
-15.58797,10.91898,-38.96957,6.708742,-17.1537,10.01973,-38.14706,9.592234,-31.10971,9.988422,-40.08657,7.899931,-38.12248,8.020682,-22.83418,10.54913,-19.3454,10.65345,-17.06894,11.51835,-16.00831,12.51775
-15.64797,10.91898,-39.00122,6.687121,-17.21464,10.01973,-38.19428,9.566412,-31.14008,9.985629,-40.12107,7.868999,-38.20639,7.974045,-22.86279,10.54913,-19.37599,10.65345,-17.10687,11.51132,-16.05435,12.53201
-15.70797,10.91898,-39.03266,6.665201,-17.27613,10.01209,-38.24148,9.540549,-31.17043,9.982609,-40.15469,7.837121,-38.29028,7.927375,-22.8914,10.54913,-19.40657,10.65345,-17.13962,11.51488,-16.1062,12.54115
-15.75647,10.91399,-39.06646,6.638694,-17.33706,10.01209,-38.28865,9.514652,-31.20077,9.979387,-40.18754,7.804445,-38.37241,7.877664,-22.92,10.54913,-19.43715,10.65345,-17.18088,11.50919,-16.15258,12.55577
-15.80492,10.90895,-39.10196,6.609502,-17.398,10.01209,-38.33582,9.488725,-31.23108,9.975982,-40.21969,7.771077,-38.45302,7.825533,-22.94861,10.54913,-19.46773,10.65345,-17.21752,11.50792,-16.20471,12.56509
-15.85331,10.90381,-39.13755,6.580144,-17.45894,10.01209,-38.38296,9.46277,-31.26137,9.972404,-40.25118,7.737088,-38.53231,7.771414,-22.97722,10.54913,-19.49832,10.65345,-17.25417,11.50664,-16.25693,12.57455
-15.90165,10.89856,-39.17509,6.544397,-17.51987,10.01209,-38.43009,9.436789,-31.29164,9.968654,-40.28202,7.702509,-38.61039,7.71555,-23.00582,10.54913,-19.5289,10.65345,-17.29083,11.50535,-16.30926,12.58415
-15.94993,10.89321,-39.21011,6.513736,-17.58081,10.01209,-38.47721,9.410783,-31.32189,9.964732,-40.31221,7.667368,-38.68734,7.65816,-23.03443,10.54913,-19.55948,10.65345,-17.33183,11.49945,-16.35641,12.59947
-15.99817,10.88782,-39.24522,6.48294,-17.64174,10.01209,-38.52431,9.384754,-31.35212,9.96065,-40.34182,7.631728,-38.76336,7.599532,-23.06304,10.54913,-19.59006,10.65345,-17.36845,11.49818,-16.40904,12.60923
-16.04635,10.88231,-39.2804,6.451991,-17.70268,10.01209,-38.5714,9.358706,-31.38233,9.956426,-40.37091,7.595662,-38.83862,7.539934,-23.09164,10.54913,-19.62065,10.65345,-17.40506,11.49692,-16.46179,12.61912
-16.08771,10.87364,-39.31563,6.420899,-17.76362,10.01209,-38.61848,9.332636,-31.41251,9.952024,-40.39935,7.55909,-38.91303,7.479273,-23.12025,10.54913,-19.65123,10.65345,-17.4474,11.49826,-16.51463,12.62909
-16.12921,10.8649,-39.35089,6.389632,-17.82455,10.01209,-38.66556,9.306549,-31.44267,9.94749,-40.4332,7.522476,-38.98688,7.41794,-23.14886,10.54913,-19.68181,10.65364,-17.48965,11.49961,-16.56755,12.63913
-16.17751,10.85919,-39.38614,6.358185,-17.88549,10.01209,-38.71262,9.280446,-31.47281,9.942819,-40.47666,7.486087,-39.06022,7.355994,-23.17746,10.54913,-19.71239,10.65402,-17.52614,11.49831,-16.62061,12.64931
-16.21905,10.85019,-39.42134,6.32654,-17.94642,10.01209,-38.75967,9.25433,-31.50294,9.938033,-40.52013,7.449746,-39.13317,7.293597,-23.20607,10.54913,-19.74297,10.65456,-17.5683,11.49973,-16.67376,12.65956
-16.26074,10.84112,-39.45647,6.294691,-18.00736,10.01209,-38.80672,9.228201,-31.53304,9.933132,-40.56362,7.413499,-39.20579,7.230802,-23.23467,10.54913,-19.77354,10.65527,-17.61036,11.50115,-16.72701,12.66989
-16.30917,10.83519,-39.49148,6.262629,-18.0683,10.01209,-38.85377,9.202062,-31.56313,9.928128,-40.60713,7.377415,-39.27813,7.16769,-23.26328,10.54913,-19.80412,10.65612,-17.6467,11.49984,-16.78039,12.68034
-16.3509,10.82654,-39.52633,6.230349,-18.12923,10.01209,-38.90026,9.174965,-31.5932,9.923023,-40.65066,7.341541,-39.35022,7.104304,-23.29189,10.54913,-19.83468,10.65712,-17.68866,11.50134,-16.83389,12.69087
-16.39276,10.81849,-39.56097,6.197851,-18.19017,10.01209,-38.94619,9.146903,-31.62326,9.91781,-40.69416,7.305909,-39.42209,7.040659,-23.32049,10.54913,-19.86524,10.65826,-17.73052,11.50285,-16.88749,12.70147
-16.44126,10.8143,-39.59535,6.165135,-18.2511,10.01209,-38.99159,9.118011,-31.6533,9.9125,-40.73763,7.270581,-39.49009,6.972893,-23.3491,10.54913,-19.8958,10.65955,-17.76672,11.50152,-16.94124,12.71218
-16.4831,10.80708,-39.62947,6.132191,-18.31204,10.01209,-39.03656,9.088438,-31.68332,9.907105,-40.78102,7.235653,-39.55497,6.902135,-23.37771,10.54913,-19.92635,10.66095,-17.8085,11.5031,-16.9951,12.72297
-16.52503,10.80028,-39.66332,6.099017,-18.37298,10.01209,-39.08105,9.058163,-31.71332,9.901619,-40.82419,7.201161,-39.61671,6.828627,-23.40631,10.54913,-19.9569,10.66248,-17.85018,11.50469,-17.04904,12.73164
-16.57355,10.79733,-39.69689,6.065608,-18.43391,10.01209,-39.12509,9.027226,-31.74331,9.896041,-40.86706,7.167144,-39.67564,6.752839,-23.43492,10.54913,-19.98743,10.66414,-17.8898,11.49812,-17.09881,12.74702
-16.61539,10.79118,-39.73016,6.03196,-18.49485,10.01209,-39.16878,8.995801,-31.77328,9.890391,-40.90959,7.133655,-39.7326,6.675564,-23.46353,10.54913,-20.01797,10.66591,-17.9314,11.49979,-17.153,12.75425
-16.65732,10.78527,-39.76309,5.998075,-18.55578,10.01209,-39.21216,8.963951,-31.80325,9.884677,-40.95171,7.100706,-39.78794,6.597124,-23.49213,10.54913,-20.04849,10.66776,-17.97291,11.50146,-17.20717,12.76004
-16.69933,10.77963,-39.79547,5.977565,-18.61672,10.01209,-39.2552,8.931647,-31.83319,9.87889,-40.98277,7.064148,-39.84423,6.519354,-23.52074,10.54913,-20.07902,10.66972,-18.01436,11.50312,-17.26126,12.76433
-16.74785,10.77773,-39.82789,5.957122,-18.67766,10.01209,-39.29798,8.89899,-31.86313,9.873043,-41.0136,7.027778,-39.90124,6.442118,-23.54935,10.54913,-20.10953,10.67176,-18.05025,11.50175,-17.31532,12.7675
-16.78978,10.77233,-39.8592,5.92246,-18.73859,10.01209,-39.3405,8.865999,-31.89306,9.867138,-41.0545,6.996558,-39.95654,6.363647,-23.57795,10.54913,-20.14004,10.67389,-18.09167,11.50344,-17.36927,12.76962
-16.83178,10.76711,-39.89169,5.902136,-18.7881,10.00645,-39.38276,8.832688,-31.92297,9.861174,-41.08473,6.960511,-40.01277,6.285836,-23.60656,10.54913,-20.174,10.6778,-18.13304,11.50512,-17.42311,12.77074
-16.87386,10.76203,-39.92422,5.881866,-18.83758,10.00064,-39.4248,8.79908,-31.95287,9.855151,-41.11468,6.924639,-40.06977,6.208591,-23.63516,10.54913,-20.20797,10.68185,-18.17435,11.50677,-17.47681,12.77098
-16.91602,10.75708,-39.95206,5.84716,-18.88704,9.994672,-39.46663,8.765223,-31.98276,9.849078,-41.154,6.895051,-40.12504,6.130094,-23.66377,10.54913,-20.24196,10.68604,-18.21561,11.50841,-17.53039,12.77049
-16.9646,10.75591,-39.98465,5.826991,-18.93648,9.988532,-39.50828,8.731146,-32.01265,9.842958,-41.18329,6.859462,-40.1812,6.052237,-23.69238,10.54913,-20.27597,10.69035,-18.2514,11.50689,-17.58391,12.76941
-17.00667,10.75102,-40.01727,5.806858,-18.98592,9.982221,-39.54973,8.696818,-32.04251,9.836782,-41.21226,6.82401,-40.23818,5.974973,-23.72098,10.54913,-20.30998,10.6948,-18.29586,11.50285,-17.63383,12.77704
-17.04876,10.7463,-40.03868,5.775548,-19.03536,9.975735,-39.59101,8.662297,-32.07238,9.830562,-41.24967,6.795793,-40.29332,5.896386,-23.74959,10.54913,-20.34401,10.69937,-18.3402,11.49882,-17.68417,12.7858
-17.09087,10.74171,-40.07135,5.755499,-19.07822,9.965437,-39.63217,8.627623,-32.10223,9.824303,-41.27794,6.760532,-40.34935,5.818436,-23.7782,10.54913,-20.38357,10.70712,-18.3844,11.49481,-17.73489,12.79543
-17.13301,10.73725,-40.10403,5.735489,-19.1278,9.958671,-39.6732,8.592798,-32.13208,9.818006,-41.3059,6.725368,-40.40617,5.741055,-23.8068,10.54913,-20.41755,10.71189,-18.42847,11.49083,-17.78598,12.80588
-17.17516,10.73291,-40.12098,5.714021,-19.17089,9.947927,-39.71412,8.557837,-32.16191,9.811671,-41.34121,6.698146,-40.46128,5.662452,-23.83541,10.54913,-20.45699,10.71997,-18.47241,11.48688,-17.83743,12.81707
-17.22369,10.73237,-40.15371,5.694084,-19.22064,9.940879,-39.75494,8.522761,-32.19175,9.805305,-41.36845,6.66305,-40.51729,5.584486,-23.86402,10.54913,-20.49091,10.72493,-18.50793,11.48544,-17.89273,12.82206
-17.2657,10.72802,-40.18647,5.674181,-19.264,9.929688,-39.79566,8.487578,-32.22157,9.798907,-41.39538,6.627988,-40.57407,5.507074,-23.89262,10.54913,-20.53021,10.73332,-18.54889,11.4872,-17.9482,12.82777
-17.30778,10.72369,-40.20528,5.660099,-19.30762,9.918354,-39.83629,8.452286,-32.25138,9.792477,-41.4285,6.601294,-40.62906,5.428386,-23.92123,10.54913,-20.56938,10.74184,-18.59252,11.48325,-18.00052,12.84114
-17.34987,10.71944,-40.23807,5.640249,-19.35772,9.910922,-39.87683,8.416894,-32.2812,9.786015,-41.45473,6.566155,-40.68503,5.35039,-23.94983,10.54913,-20.60316,10.74704,-18.63335,11.48503,-18.05638,12.84809
-17.39204,10.71519,-40.27087,5.62043,-19.40787,9.903307,-39.91731,8.381422,-32.311,9.779526,-41.48066,6.530984,-40.73759,5.270056,-23.97844,10.54913,-20.63693,10.75235,-18.6741,11.48682,-18.1124,12.85556
-17.43427,10.71095,-40.29451,5.605949,-19.45187,9.891231,-39.95771,8.345873,-32.3408,9.77301,-41.50626,6.495728,-40.78698,5.18774,-24.00705,10.54913,-20.6759,10.76135,-18.71477,11.48862,-18.16858,12.86353
-17.47658,10.70669,-40.31164,5.585636,-19.50226,9.883337,-39.99804,8.310236,-32.37059,9.766463,-41.53619,6.463833,-40.83279,5.103375,-24.03565,10.54913,-20.70959,10.76682,-18.75537,11.49042,-18.22492,12.87206
-17.52523,10.70625,-40.32866,5.564534,-19.54665,9.87083,-40.03831,8.274533,-32.40038,9.759892,-41.56329,6.426764,-40.8762,5.017748,-24.06426,10.54913,-20.74836,10.77612,-18.79054,11.48897,-18.28148,12.88101
-17.56745,10.70182,-40.34551,5.542646,-19.59729,9.862662,-40.07853,8.23877,-32.43016,9.753296,-41.5904,6.389622,-40.91756,4.931118,-24.09287,10.54913,-20.78195,10.78174,-18.83107,11.49087,-18.33821,12.89034
-17.60974,10.69735,-40.36214,5.519934,-19.6421,9.849734,-40.11869,8.20295,-32.45993,9.746675,-41.6175,6.352403,-40.95704,4.843608,-24.12147,10.54913,-20.82051,10.79131,-18.87152,11.49278,-18.39509,12.90002
-17.65211,10.69286,-40.37069,5.505512,-19.69303,9.841301,-40.15881,8.167084,-32.4897,9.740036,-41.64462,6.31511,-40.99264,4.754456,-24.15008,10.54913,-20.854,10.79707,-18.91188,11.49472,-18.45214,12.90997
-17.69456,10.68835,-40.38641,5.494771,-19.74405,9.83269,-40.1989,8.131176,-32.51947,9.733377,-41.66693,6.2745,-41.02485,4.664018,-24.17869,10.54913,-20.88747,10.80291,-18.95215,11.49668,-18.50936,12.92018
-17.73709,10.6838,-40.39853,5.480581,-19.78948,9.819069,-40.23895,8.095226,-32.54923,9.7267,-41.69746,6.2389,-41.05389,4.572517,-24.20729,10.54913,-20.92571,10.81292,-18.99233,11.49867,-18.56675,12.93062
-17.77969,10.6792,-40.41455,5.455138,-19.84082,9.810205,-40.27896,8.059237,-32.57899,9.720003,-41.72469,6.201299,-41.08313,4.481078,-24.2359,10.54913,-20.95906,10.81889,-19.03242,11.50069,-18.62431,12.94129
-17.82237,10.67456,-40.4352,5.424317,-19.89229,9.801171,-40.31787,8.022057,-32.60874,9.713289,-41.7519,6.163648,-41.11256,4.389701,-24.26451,10.54913,-20.99238,10.82493,-19.07241,11.50274,-18.68204,12.95214
-17.87126,10.67394,-40.45868,5.40255,-19.94388,9.791967,-40.3558,7.98388,-32.63849,9.70656,-41.77305,6.122426,-41.14217,4.298383,-24.29311,10.54913,-21.02566,10.83106,-19.10709,11.50139,-18.74,12.96313
-17.91388,10.66905,-40.47919,5.371796,-19.99022,9.777425,-40.39263,7.944638,-32.66824,9.699814,-41.79808,6.083556,-41.17187,4.20709,-24.32172,10.54913,-21.06344,10.84162,-19.14606,11.50725,-18.80132,12.96194
-17.95663,10.66407,-40.50013,5.34156,-20.04219,9.767997,-40.42837,7.9044,-32.69798,9.69305,-41.82193,6.044101,-41.20158,4.115805,-24.35032,10.54913,-21.09658,10.84785,-19.18586,11.50944,-18.85959,12.97339
-17.99947,10.65903,-40.52063,5.317166,-20.0943,9.75841,-40.46331,7.863467,-32.72772,9.686275,-41.84831,6.005881,-41.23143,4.024562,-24.37893,10.54913,-21.12968,10.85414,-19.22556,11.51167,-18.91805,12.98494
-18.0424,10.65394,-40.54137,5.286907,-20.14658,9.748668,-40.49747,7.821887,-32.75746,9.679485,-41.87047,5.965622,-41.26137,3.933352,-24.40754,10.54913,-21.16273,10.86051,-19.26437,11.51765,-18.97937,12.98409
-18.08547,10.64877,-40.56242,5.257072,-20.19901,9.738775,-40.53093,7.77973,-32.78719,9.672684,-41.89186,5.925035,-41.2914,3.842169,-24.43614,10.54913,-21.19573,10.86693,-19.30386,11.51991,-19.03816,12.99596
-18.12862,10.64353,-40.58318,5.227009,-20.25162,9.728736,-40.56375,7.737082,-32.81693,9.665872,-41.9126,5.884172,-41.32151,3.751016,-24.46475,10.54913,-21.22868,10.87342,-19.34324,11.52223,-19.09714,13.00788
-18.17187,10.63824,-40.60367,5.196743,-20.30441,9.718555,-40.59601,7.694008,-32.84665,9.659049,-41.93274,5.843071,-41.35172,3.659892,-24.49336,10.54913,-21.26156,10.87997,-19.38189,11.52833,-19.15847,13.00725
-18.22118,10.6372,-40.62386,5.166253,-20.35738,9.70824,-40.62768,7.650496,-32.87638,9.652216,-41.95226,5.801728,-41.38195,3.568774,-24.52196,10.54913,-21.29441,10.88637,-19.41601,11.52701,-19.21785,13.01938
-18.26445,10.63157,-40.64375,5.135551,-20.41055,9.697793,-40.6588,7.606588,-32.90611,9.645372,-41.97118,5.760169,-41.41219,3.47766,-24.55057,10.54913,-21.32722,10.89265,-19.45464,11.53329,-19.27917,13.01888
-18.30789,10.62586,-40.66341,5.10469,-20.46392,9.687222,-40.68948,7.56237,-32.93583,9.63852,-41.98964,5.71844,-41.44249,3.386569,-24.57918,10.54913,-21.35997,10.89882,-19.49366,11.5358,-19.33892,13.0312
-18.35143,10.62008,-40.6828,5.073663,-20.51748,9.676531,-40.71972,7.517848,-32.96555,9.631659,-42.00763,5.676546,-41.47282,3.295485,-24.60778,10.54913,-21.39268,10.90487,-19.53257,11.53839,-19.39885,13.04351
-18.39508,10.6142,-40.69628,5.039353,-20.57126,9.665727,-40.74947,7.473006,-32.99527,9.624786,-42.03409,5.638566,-41.50306,3.204372,-24.63639,10.54913,-21.42534,10.91079,-19.57101,11.54479,-19.46018,13.04315
-18.44467,10.61279,-40.70865,5.004149,-20.62524,9.654816,-40.77882,7.427898,-33.02498,9.617906,-42.05995,5.600302,-41.53328,3.113253,-24.665,10.54913,-21.45794,10.91659,-19.60447,11.54737,-19.52151,13.04283
-18.48853,10.60588,-40.72008,4.968248,-20.67945,9.643805,-40.80785,7.382577,-33.0547,9.611017,-42.08527,5.56178,-41.56354,3.022147,-24.6936,10.54913,-21.49048,10.9223,-19.64308,11.55014,-19.58206,13.05538
-18.53259,10.59823,-40.73057,4.9317,-20.73387,9.6327,-40.83655,7.337055,-33.08441,9.604121,-42.11007,5.523011,-41.59381,2.931043,-24.72221,10.54913,-21.52297,10.9279,-19.68139,11.55677,-19.64338,13.05512
-18.57691,10.58996,-40.74456,4.896479,-20.78851,9.621509,-40.86499,7.291365,-33.11412,9.597219,-42.12561,5.480258,-41.62177,2.839206,-24.75081,10.54913,-21.55539,10.93342,-19.71971,11.55962,-19.70428,13.06579
-18.62142,10.58113,-40.76055,4.862166,-20.84338,9.610238,-40.89318,7.245524,-33.14383,9.59031,-42.14445,5.438763,-41.64507,2.746078,-24.77942,10.54913,-21.58774,10.93885,-19.75789,11.56256,-19.76529,13.07469
-18.67169,10.57656,-40.77567,4.827357,-20.89848,9.598895,-40.92115,7.199547,-33.17354,9.583395,-42.16301,5.397161,-41.66434,2.652031,-24.80803,10.54913,-21.62002,10.9442,-19.79121,11.56526,-19.82638,13.06927
-18.71647,10.56649,-40.78991,4.792062,-20.95382,9.587488,-40.94889,7.153434,-33.20324,9.576474,-42.1813,5.35545,-41.68283,2.557829,-24.83663,10.54913,-21.65224,10.94946,-19.82915,11.56837,-19.88755,13.07514
-18.76147,10.55596,-40.80043,4.754958,-21.01475,9.587488,-40.97644,7.107203,-33.23295,9.569548,-42.19572,5.312335,-41.70072,2.46351,-24.86524,10.54913,-21.68278,10.95119,-19.86708,11.57534,-19.94833,13.06692
-18.81214,10.55,-40.81025,4.717535,-21.07049,9.575823,-41.00383,7.060874,-33.26265,9.562616,-42.20993,5.269147,-41.71818,2.369111,-24.89385,10.54913,-21.71488,10.95637,-19.90008,11.57429,-20.00962,13.07046
-18.85746,10.53849,-40.82665,4.682894,-21.12648,9.564117,-41.03104,7.014445,-33.29236,9.555679,-42.21857,5.223629,-41.73516,2.274625,-24.92245,10.54913,-21.74692,10.96146,-19.9376,11.57762,-20.07095,13.0729
-18.90302,10.52656,-40.83772,4.646125,-21.18742,9.564117,-41.05808,6.967911,-33.32206,9.548737,-42.23602,5.181579,-41.75158,2.180039,-24.95106,10.54913,-21.77747,10.96292,-19.97495,11.58101,-20.13228,13.07424
-18.95404,10.51944,-40.84819,4.609116,-21.24385,9.552201,-41.08498,6.921302,-33.35176,9.54179,-42.25328,5.139441,-41.76775,2.08541,-24.97967,10.54913,-21.80938,10.96792,-20.00766,11.5801,-20.19369,13.07471
-18.99991,10.50668,-40.86376,4.574096,-21.30478,9.552201,-41.11176,6.874619,-33.38146,9.534839,-42.26133,5.093812,-41.78364,1.990735,-25.00827,10.54913,-21.83993,10.96924,-20.04473,11.58371,-20.25515,13.07438
-19.05117,10.49891,-40.87414,4.537104,-21.36167,9.540108,-41.13842,6.827872,-33.41116,9.527884,-42.27832,5.051543,-41.79932,1.896025,-25.03688,10.54913,-21.87171,10.97415,-20.07777,11.58666,-20.31493,13.06069
-19.09745,10.48545,-40.88216,4.499091,-21.42261,9.540108,-41.16499,6.78107,-33.44086,9.520925,-42.2915,5.008012,-41.8149,1.801296,-25.06549,10.54913,-21.90227,10.97534,-20.11448,11.5904,-20.37659,13.0592
-19.149,10.47716,-40.89071,4.461354,-21.47997,9.527873,-41.19147,6.734221,-33.47055,9.513962,-42.30455,4.964428,-41.83038,1.706553,-25.09409,10.54913,-21.93391,10.98018,-20.14676,11.58962,-20.43835,13.05712
-19.19568,10.46305,-40.89855,4.423345,-21.54091,9.527873,-41.21787,6.68732,-33.50025,9.506995,-42.31746,4.920789,-41.84266,1.611342,-25.1227,10.54913,-21.96447,10.98126,-20.18315,11.59357,-20.50023,13.05451
-19.2475,10.45426,-40.91446,4.388473,-21.59877,9.515535,-41.24418,6.640373,-33.52995,9.500026,-42.32483,4.875045,-41.85531,1.516179,-25.1513,10.54913,-21.99597,10.986,-20.21521,11.5929,-20.56272,13.05341
-19.29461,10.43954,-40.92335,4.351028,-21.6597,9.515535,-41.27042,6.593387,-33.55964,9.493052,-42.33759,4.831345,-41.86827,1.421059,-25.17991,10.54913,-22.02654,10.98697,-20.25124,11.59709,-20.62575,13.05363
-19.34673,10.43032,-40.93451,4.314525,-21.72064,9.515535,-41.29659,6.546363,-33.58933,9.486076,-42.35394,4.788688,-41.8815,1.325975,-25.20852,10.54913,-22.0571,10.98789,-20.28256,11.59404,-20.68785,13.05013
-19.39429,10.41505,-40.94328,4.27711,-21.77924,9.503036,-41.3227,6.499304,-33.61903,9.479097,-42.36649,4.74489,-41.89174,1.230522,-25.23712,10.54913,-22.08838,10.99253,-20.31769,11.59598,-20.75029,13.04781
-19.44215,10.39958,-40.95274,4.24007,-21.84017,9.503036,-41.34873,6.4522,-33.64872,9.472114,-42.37893,4.701044,-41.90261,1.135139,-25.26573,10.54913,-22.11895,10.99333,-20.35255,11.598,-20.81309,13.04692
-19.49473,10.38977,-40.96444,4.203891,-21.90111,9.503036,-41.37471,6.405071,-33.67841,9.465128,-42.39498,4.658192,-41.91409,1.039828,-25.29434,10.54913,-22.14953,10.99409,-20.38518,11.60122,-20.87397,13.03947
-19.54749,10.37978,-40.97364,4.166809,-21.96205,9.503036,-41.40065,6.357918,-33.7081,9.458139,-42.40727,4.614262,-41.92607,0.9445782,-25.32294,10.54913,-22.1801,10.99481,-20.41775,11.60448,-20.93493,13.03276
-19.60041,10.36962,-40.98327,4.129987,-22.02298,9.503036,-41.42656,6.310746,-33.73779,9.451149,-42.41951,4.570294,-41.93848,0.849384,-25.35155,10.54913,-22.21068,10.9955,-20.45027,11.60777,-20.99596,13.02669
-19.65352,10.35929,-40.99333,4.09343,-22.08284,9.490364,-41.45243,6.263555,-33.76748,9.444157,-42.43171,4.526291,-41.95125,0.7542368,-25.38016,10.54913,-22.24158,10.99997,-20.48274,11.6111,-21.05705,13.02124
-19.70682,10.3488,-41.00252,4.056477,-22.14378,9.490364,-41.47826,6.216344,-33.79717,9.437161,-42.44384,4.482249,-41.96427,0.6591237,-25.40876,10.54913,-22.27215,11.00059,-20.51514,11.61446,-21.11819,13.01642
-19.76031,10.33817,-41.0122,4.019815,-22.20471,9.490364,-41.50406,6.169116,-33.82686,9.430164,-42.45593,4.43817,-41.97751,0.5640417,-25.43737,10.54913,-22.30273,11.00117,-20.54749,11.61785,-21.17937,13.01213
-19.814,10.32739,-41.0223,3.983417,-22.26565,9.490364,-41.52984,6.121874,-33.85655,9.423165,-42.46799,4.394057,-41.99098,0.4689913,-25.46597,10.54913,-22.33331,11.00172,-20.57977,11.62127,-21.24042,13.00628
-19.86789,10.31649,-41.03281,3.947279,-22.32659,9.490364,-41.55559,6.074619,-33.88624,9.416164,-42.48003,4.349911,-42.00462,0.3739657,-25.49458,10.54913,-22.36389,11.00224,-20.61199,11.62471,-21.30152,13.00105
-19.92199,10.30548,-41.04369,3.911403,-22.38752,9.490364,-41.58132,6.027351,-33.91592,9.409163,-42.49203,4.30573,-42.01522,0.2785519,-25.52319,10.54913,-22.39447,11.00274,-20.64414,11.62818,-21.36247,12.99421
-19.9763,10.29436,-41.05494,3.875781,-22.44846,9.490364,-41.6053,5.979173,-33.94561,9.402159,-42.50403,4.261517,-42.02325,0.1828891,-25.55179,10.54913,-22.42505,11.0032,-20.67623,11.63166,-21.4235,12.98815
-20.03083,10.28315,-41.06649,3.840389,-22.50939,9.490364,-41.62781,5.930286,-33.9753,9.395153,-42.51601,4.217272,-42.02935,0.08708264,-25.5804,10.54913,-22.45563,11.00364,-20.70824,11.63516,-21.48459,12.98272
-20.08558,10.27185,-41.08025,3.805566,-22.57033,9.490364,-41.64896,5.880799,-34.00498,9.388146,-42.53169,4.173805,-42.03382,-0.008813001,-25.60901,10.54913,-22.48621,11.00406,-20.74018,11.63867,-21.54553,12.97581
-20.14056,10.26048,-41.09124,3.769965,-22.63127,9.490364,-41.66897,5.830842,-34.03467,9.381139,-42.54366,4.129491,-42.03706,-0.1047584,-25.63761,10.54913,-22.51679,11.00446,-20.77206,11.64219,-21.60654,12.96956
-20.19577,10.24905,-41.10255,3.734598,-22.6922,9.490364,-41.68785,5.780447,-34.06435,9.374129,-42.55561,4.085143,-42.03917,-0.2007353,-25.66622,10.54913,-22.54737,11.00484,-20.80385,11.64571,-21.66761,12.96393
-20.25577,10.24919,-41.11415,3.699461,-22.75314,9.490364,-41.70568,5.729667,-34.09404,9.367119,-42.56758,4.040762,-42.0403,-0.2967286,-25.69483,10.54913,-22.57795,11.0052,-20.83419,11.64571,-21.72853,12.95685
-20.31138,10.23751,-41.12603,3.664548,-22.81407,9.490364,-41.7225,5.678547,-34.12373,9.360107,-42.57954,3.996347,-42.04059,-0.3927282,-25.72343,10.54913,-22.60853,11.00554,-20.86587,11.64931,-21.78953,12.95051
-20.36724,10.22579,-41.13815,3.629841,-22.87501,9.490364,-41.73849,5.627162,-34.15341,9.353095,-42.59152,3.951899,-42.03587,-0.4886119,-25.75204,10.54913,-22.63911,11.00586,-20.89747,11.65291,-21.8506,12.9448
-20.42724,10.22589,-41.15053,3.595365,-22.93595,9.490364,-41.75347,5.575471,-34.1831,9.346081,-42.6035,3.907415,-42.02552,-0.5840531,-25.78065,10.54913,-22.6697,11.00616,-20.92781,11.65291,-21.91172,12.93983
-20.48354,10.21398,-41.16313,3.561097,-22.99688,9.490364,-41.76764,5.523553,-34.21278,9.339066,-42.6155,3.862896,-42.01444,-0.6794109,-25.80925,10.54913,-22.70028,11.00645,-20.95928,11.65656,-21.97269,12.93317
-20.54354,10.21406,-41.17595,3.527031,-23.05782,9.490364,-41.78106,5.471436,-34.24247,9.332049,-42.62751,3.818341,-42.00272,-0.7746926,-25.83786,10.54913,-22.73086,11.00671,-20.98962,11.65656,-22.03374,12.92731
-20.60029,10.202,-41.18893,3.493153,-23.11875,9.490364,-41.79387,5.419165,-34.27216,9.325032,-42.63954,3.773749,-41.99058,-0.8699228,-25.86646,10.54913,-22.76144,11.00697,-21.02095,11.66025,-22.09485,12.92208
-20.66029,10.20206,-41.20208,3.45945,-23.17969,9.490364,-41.80616,5.36677,-34.30184,9.318014,-42.6516,3.729119,-41.97817,-0.9651172,-25.89507,10.54913,-22.79203,11.00721,-21.05129,11.66025,-22.15581,12.91538
-20.71751,10.18989,-41.21537,3.425917,-23.24063,9.490364,-41.81797,5.314266,-34.33152,9.310996,-42.66367,3.684451,-41.96552,-1.06028,-25.92368,10.54913,-22.82261,11.00743,-21.08247,11.66397,-22.21684,12.90936
-20.77751,10.18994,-41.22878,3.392549,-23.30156,9.490364,-41.82936,5.261666,-34.36121,9.303977,-42.67578,3.639743,-41.95268,-1.155417,-25.95228,10.54913,-22.85319,11.00765,-21.11281,11.66397,-22.27794,12.90395
-20.83751,10.18998,-41.24232,3.359352,-23.3625,9.490364,-41.84026,5.208965,-34.39089,9.296957,-42.68791,3.594994,-41.93949,-1.250506,-25.98089,10.54913,-22.88377,11.00785,-21.14315,11.66397,-22.33885,12.89683
-20.89545,10.17764,-41.25598,3.326314,-23.42343,9.490364,-41.85079,5.156188,-34.42057,9.289936,-42.70006,3.550202,-41.92614,-1.345573,-26.0095,10.54913,-22.91436,11.00805,-21.17412,11.66773,-22.39985,12.89048
-20.95545,10.17768,-41.26973,3.293428,-23.48437,9.490364,-41.861,5.10335,-34.45025,9.282915,-42.71225,3.505367,-41.91272,-1.440631,-26.0381,10.54913,-22.94494,11.00823,-21.20446,11.66773,-22.46091,12.88476
-21.01545,10.17771,-41.28358,3.260697,-23.54531,9.490364,-41.87083,5.050437,-34.47993,9.275893,-42.72446,3.460486,-41.89894,-1.535637,-26.06671,10.54913,-22.97552,11.0084,-21.2348,11.66773,-22.52204,12.87982
-21.07412,10.1653,-41.29752,3.228113,-23.60624,9.490364,-41.88038,4.997474,-34.50962,9.26887,-42.73671,3.415558,-41.88511,-1.630635,-26.09532,10.54913,-23.0061,11.00856,-21.26554,11.67151,-22.58302,12.87327
-21.13412,10.16533,-41.31153,3.195675,-23.66718,9.490364,-41.88967,4.944465,-34.5393,9.261847,-42.74898,3.370582,-41.87119,-1.725621,-26.12392,10.54913,-23.03669,11.00871,-21.29588,11.67151,-22.64408,12.86747
-21.19412,10.16535,-41.32561,3.163378,-23.72811,9.490364,-41.89874,4.891417,-34.56898,9.254824,-42.76128,3.325556,-41.85724,-1.820602,-26.15253,10.54913,-23.06727,11.00885,-21.32622,11.67151,-22.70519,12.86229
-21.25412,10.16537,-41.33976,3.131219,-23.78905,9.490364,-41.90762,4.838338,-34.59866,9.2478,-42.77361,3.280478,-41.84332,-1.915587,-26.18114,10.54913,-23.09785,11.00899,-21.35656,11.67151,-22.76616,12.85567
-21.31412,10.16539,-41.35395,3.099195,-23.84999,9.490364,-41.91634,4.785232,-34.62835,9.240775,-42.7854,3.235276,-41.82942,-2.010576,-26.20974,10.54913,-23.12843,11.00912,-21.3869,11.67151,-22.8272,12.84969
-21.37411,10.1654,-41.36819,3.067304,-23.91092,9.490364,-41.92489,4.732099,-34.65803,9.23375,-42.79666,3.189957,-41.81552,-2.105564,-26.23835,10.54913,-23.15902,11.00924,-21.41724,11.67151,-22.88829,12.84433
-21.43411,10.16542,-41.38248,3.035546,-23.97186,9.490364,-41.93329,4.678942,-34.68771,9.226725,-42.8074,3.144528,-41.80157,-2.200545,-26.26695,10.54913,-23.1896,11.00936,-21.44758,11.67151,-22.94923,12.83741
-21.49411,10.16543,-41.39679,3.003918,-24.03279,9.490364,-41.94155,4.625762,-34.71739,9.219699,-42.81768,3.098996,-41.78759,-2.295521,-26.29556,10.54913,-23.22018,11.00947,-21.47792,11.67151,-23.01025,12.83124
-21.55411,10.16544,-41.41114,2.97242,-24.09373,9.490364,-41.9497,4.572565,-34.74707,9.212673,-42.82759,3.053374,-41.77363,-2.390501,-26.32417,10.54913,-23.25076,11.00957,-21.50826,11.67151,-23.07133,12.82568
-21.61411,10.16545,-41.4255,2.941049,-24.15466,9.490364,-41.95773,4.51935,-34.77676,9.205647,-42.83712,3.007662,-41.75965,-2.485478,-26.35277,10.54913,-23.28135,11.00967,-21.5386,11.67151,-23.13246,12.82072
-21.67411,10.16546,-41.43988,2.909808,-24.2156,9.490364,-41.96566,4.466121,-34.80644,9.19862,-42.84634,2.961865,-41.74289,-2.580002,-26.38138,10.54913,-23.31193,11.00977,-21.56894,11.67151,-23.19345,12.81431
-21.73411,10.16547,-41.44773,2.877582,-24.27654,9.490364,-41.97346,4.412872,-34.83612,9.191592,-42.86531,2.916355,-41.72232,-2.673772,-26.40999,10.54913,-23.34251,11.00986,-21.59929,11.67151,-23.25454,12.8089
-21.79411,10.16548,-41.45457,2.844737,-24.33747,9.490364,-41.98117,4.359611,-34.8658,9.184565,-42.8838,2.870662,-41.6998,-2.767095,-26.43859,10.54913,-23.37309,11.00994,-21.62963,11.67151,-23.31568,12.80408
-21.85411,10.16548,-41.46062,2.811437,-24.39841,9.490364,-41.98882,4.30634,-34.89548,9.177537,-42.90184,2.824802,-41.67585,-2.86006,-26.4672,10.54913,-23.40368,11.01002,-21.65997,11.67151,-23.37669,12.79781
-21.91411,10.16549,-41.46593,2.777745,-24.45934,9.490364,-41.99641,4.25306,-34.92517,9.170509,-42.91947,2.778784,-41.65072,-2.95271,-26.49581,10.54913,-23.43426,11.01009,-21.69031,11.67151,-23.43776,12.79213
-21.97411,10.1655,-41.47055,2.743704,-24.52028,9.490364,-42.00394,4.199773,-34.95485,9.163481,-42.93668,2.732617,-41.62457,-3.045081,-26.52441,10.54913,-23.46484,11.01016,-21.72065,11.67151,-23.49887,12.78699
-22.03411,10.1655,-41.47439,2.709294,-24.58122,9.490364,-42.01142,4.146478,-34.98453,9.156452,-42.95345,2.686312,-41.59744,-3.137168,-26.55302,10.54913,-23.49542,11.01023,-21.75099,11.67151,-23.55983,12.78028
-22.09411,10.1655,-41.47754,2.674572,-24.64215,9.490364,-42.01884,4.093176,-35.01421,9.149424,-42.96981,2.639877,-41.56952,-3.229016,-26.58162,10.54913,-23.526,11.01029,-21.78133,11.67151,-23.62087,12.77429
-22.15411,10.16551,-41.48013,2.639614,-24.70309,9.490364,-42.02623,4.039868,-35.0439,9.142395,-42.98578,2.59332,-41.54099,-3.320679,-26.61023,10.54913,-23.55659,11.01035,-21.81167,11.67151,-23.68196,12.76886
-22.21411,10.16551,-41.48679,2.604278,-24.76402,9.490364,-42.03357,3.986554,-35.07358,9.135366,-42.99186,2.546945,-41.51191,-3.41217,-26.63884,10.54913,-23.58717,11.01041,-21.84201,11.67151,-23.7431,12.76401
-22.27411,10.16551,-41.49103,2.564181,-24.82496,9.490364,-42.04505,3.943774,-35.10326,9.128337,-42.99779,2.500545,-41.48242,-3.503529,-26.66744,10.54913,-23.61775,11.01046,-21.87235,11.67151,-23.80411,12.75775
-22.33411,10.16552,-41.49448,2.523829,-24.8859,9.490364,-42.05655,3.900966,-35.13294,9.121307,-43.00352,2.454122,-41.45249,-3.594743,-26.69605,10.54913,-23.64833,11.01051,-21.90269,11.67151,-23.86519,12.75223
-22.39411,10.16552,-41.49723,2.483272,-24.94683,9.490364,-42.06806,3.858122,-35.16262,9.114278,-43.00908,2.407677,-41.42221,-3.685841,-26.72466,10.54913,-23.67892,11.01056,-21.93303,11.67151,-23.92632,12.74734
-22.44373,10.15836,-41.50738,2.442384,-25.00777,9.490364,-42.07961,3.815239,-35.19231,9.107248,-43.00871,2.361345,-41.39167,-3.776856,-26.75326,10.54913,-23.71269,11.01281,-21.96337,11.67151,-23.9875,12.74293
-22.49337,10.15104,-41.50896,2.401537,-25.0687,9.490364,-42.09115,3.772358,-35.22199,9.100219,-43.01408,2.314858,-41.36093,-3.867801,-26.78187,10.54913,-23.74648,11.01512,-21.99371,11.67151,-24.04854,12.73702
-22.54303,10.14356,-41.51005,2.36059,-25.12964,9.490364,-42.10274,3.729428,-35.25167,9.093188,-43.01932,2.268352,-41.32356,-3.956227,-26.81048,10.54913,-23.78026,11.01748,-22.02405,11.67151,-24.10964,12.73169
-22.59273,10.13592,-41.51862,2.319283,-25.19058,9.490364,-42.11437,3.686444,-35.28135,9.086158,-43.01864,2.222024,-41.28055,-4.042053,-26.83908,10.54913,-23.81405,11.0199,-22.05439,11.67151,-24.17078,12.72689
-22.64247,10.12811,-41.51867,2.278144,-25.25151,9.490364,-42.126,3.64345,-35.31104,9.079127,-43.0237,2.175479,-41.2326,-4.125219,-26.86769,10.54913,-23.84783,11.02237,-22.08473,11.67151,-24.23196,12.72261
-22.69226,10.12013,-41.5183,2.236948,-25.31245,9.490364,-42.13768,3.600395,-35.34072,9.072097,-43.02864,2.128917,-41.18087,-4.206093,-26.8963,10.54913,-23.88161,11.02491,-22.11507,11.67151,-24.29317,12.71877
-22.73619,10.10751,-41.52847,2.199992,-25.37338,9.490364,-42.14478,3.547047,-35.3704,9.065066,-43.02771,2.082593,-41.12607,-4.284912,-26.9249,10.54913,-23.92042,11.03132,-22.14541,11.67151,-24.3544,12.71532
-22.7862,10.0993,-41.52812,2.158859,-25.43432,9.490364,-42.15659,3.504045,-35.40008,9.058036,-43.03254,2.035975,-41.0687,-4.361886,-26.95351,10.54913,-23.95413,11.03392,-22.17575,11.67151,-24.41566,12.71223
-22.83049,10.08631,-41.53041,2.122396,-25.49526,9.490364,-42.16365,3.450693,-35.42976,9.051005,-43.03727,1.98932,-41.00928,-4.437286,-26.98211,10.54913,-23.99277,11.04053,-22.20609,11.67151,-24.47692,12.70945
-22.88072,10.07786,-41.53333,2.086163,-25.55619,9.490364,-42.1707,3.39734,-35.45945,9.043975,-43.04192,1.942628,-40.94788,-4.511081,-27.01072,10.54913,-24.0264,11.04319,-22.23643,11.67151,-24.5382,12.707
-22.9254,10.0645,-41.54152,2.044723,-25.61713,9.490364,-42.1828,3.354409,-35.48913,9.036944,-43.04072,1.896311,-40.88511,-4.583711,-27.03933,10.54913,-24.06484,11.04998,-22.26677,11.67151,-24.59949,12.70481
-22.97589,10.05582,-41.541,2.001227,-25.67806,9.490364,-42.19273,3.307253,-35.51881,9.029913,-43.04528,1.849588,-40.82129,-4.655432,-27.06793,10.54913,-24.09838,11.05271,-22.29711,11.67151,-24.66079,12.70281
-23.02646,10.04698,-41.54916,1.959826,-25.739,9.490364,-42.20493,3.264252,-35.54849,9.022882,-43.04399,1.803273,-40.75655,-4.726315,-27.09654,10.54913,-24.13191,11.0555,-22.32745,11.67151,-24.7221,12.70102
-23.07167,10.03301,-41.54856,1.916426,-25.79994,9.490364,-42.2149,3.217053,-35.57817,9.01585,-43.0485,1.756517,-40.69108,-4.796528,-27.12515,10.54913,-24.17008,11.06259,-22.35779,11.67151,-24.78341,12.6994
-23.12253,10.02395,-41.54847,1.873231,-25.86087,9.490364,-42.22491,3.169824,-35.60786,9.008819,-43.05293,1.709753,-40.62489,-4.866056,-27.15375,10.54913,-24.20351,11.06544,-22.38813,11.67151,-24.84472,12.69795
-23.1735,10.01474,-41.55679,1.829594,-25.92181,9.490364,-42.23495,3.122569,-35.63754,9.001787,-43.05151,1.663442,-40.55812,-4.935041,-27.18236,10.54913,-24.23692,11.06834,-22.41847,11.67151,-24.90603,12.69666
-23.21932,10.00018,-41.55756,1.789123,-25.98274,9.490364,-42.24656,3.079361,-35.66722,8.994756,-43.0559,1.61664,-40.49093,-5.003608,-27.21097,10.54913,-24.27478,11.07573,-22.44881,11.67151,-24.96735,12.69549
-23.27061,9.990756,-41.55754,1.746122,-26.04368,9.490364,-42.25511,3.031894,-35.6969,8.987724,-43.06023,1.56983,-40.42334,-5.071775,-27.23957,10.54913,-24.30807,11.07868,-22.47915,11.67151,-25.02868,12.69445
-23.32201,9.981187,-41.5659,1.702595,-26.10462,9.490364,-42.26302,2.984346,-35.72659,8.980693,-43.05872,1.523521,-40.35543,-5.139629,-27.26818,10.54913,-24.34133,11.08168,-22.50949,11.67151,-25.09,12.69351
-23.37354,9.97147,-41.5667,1.659938,-26.16555,9.490364,-42.27025,2.936771,-35.75627,8.973661,-43.06302,1.47668,-40.28721,-5.207174,-27.29679,10.54913,-24.37456,11.08473,-22.53983,11.67151,-25.15132,12.69268
-23.42026,9.956124,-41.5679,1.617458,-26.22649,9.490364,-42.2769,2.889149,-35.78595,8.96663,-43.06726,1.429826,-40.21875,-5.274475,-27.32539,10.54913,-24.41197,11.09252,-22.57017,11.67151,-25.21265,12.69195
-23.47215,9.94623,-41.56944,1.575135,-26.27841,9.481174,-42.28308,2.841501,-35.81563,8.959599,-43.07146,1.382958,-40.15011,-5.341592,-27.35656,10.55174,-24.44507,11.09561,-22.60051,11.67151,-25.27398,12.69129
-23.52418,9.936198,-41.57128,1.532954,-26.33044,9.471799,-42.28887,2.793838,-35.84531,8.952567,-43.07561,1.336077,-40.08133,-5.408566,-27.3877,10.55441,-24.47813,11.09874,-22.63085,11.67151,-25.3353,12.69069
-23.57636,9.926032,-41.58133,1.490092,-26.38258,9.462243,-42.2943,2.746171,-35.8749,8.945145,-43.07399,1.289772,-40.01244,-5.475418,-27.41883,10.55715,-24.51114,11.10191,-22.66119,11.67151,-25.39663,12.69015
-23.6287,9.915735,-41.58366,1.448152,-26.43485,9.452508,-42.29938,2.698547,-35.90438,8.937331,-43.07817,1.242849,-39.94343,-5.54216,-27.44992,10.55994,-24.54411,11.10513,-22.69153,11.67151,-25.45796,12.68967
-23.6812,9.905312,-41.58626,1.406345,-26.48724,9.442596,-42.30412,2.650932,-35.93376,8.929119,-43.08232,1.195909,-39.87433,-5.608802,-27.48098,10.56278,-24.57703,11.10839,-22.72187,11.67151,-25.51929,12.68923
-23.73387,9.894766,-41.58909,1.364656,-26.5348,9.426902,-42.30859,2.603333,-35.96304,8.920559,-43.08644,1.148951,-39.80516,-5.675368,-27.51592,10.5701,-24.60989,11.11168,-22.75221,11.67151,-25.58062,12.68885
-23.78242,9.878135,-41.59214,1.323083,-26.58756,9.416756,-42.31279,2.555755,-35.99221,8.911654,-43.09053,1.101975,-39.73592,-5.741866,-27.54687,10.57301,-24.64638,11.12012,-22.78255,11.67151,-25.64194,12.6885
-23.83552,9.867477,-41.59544,1.281633,-26.64049,9.406444,-42.31669,2.508204,-36.02126,8.902328,-43.09459,1.054981,-39.66661,-5.80829,-27.57777,10.57597,-24.6791,11.12343,-22.81289,11.67151,-25.70327,12.6882
-23.8888,9.856714,-41.59893,1.240287,-26.68888,9.39013,-42.32037,2.460683,-36.05019,8.892682,-43.09862,1.007967,-39.59725,-5.874668,-27.61233,10.58358,-24.71175,11.12676,-22.84323,11.67151,-25.7646,12.68793
-23.94227,9.84585,-41.61053,1.198029,-26.74222,9.379614,-42.32384,2.413198,-36.07902,8.882718,-43.09688,0.9616665,-39.52786,-5.941005,-27.6431,10.58658,-24.74435,11.13012,-22.87357,11.67151,-25.82593,12.6877
-23.99594,9.83489,-41.61432,1.156843,-26.79573,9.368947,-42.32715,2.365794,-36.10776,8.872494,-43.10098,0.9145976,-39.45844,-6.007312,-27.67383,10.58963,-24.77689,11.13351,-22.90391,11.67151,-25.88726,12.68749
-24.0498,9.823842,-41.61824,1.115738,-26.84943,9.358135,-42.33033,2.318429,-36.13641,8.862039,-43.10506,0.867507,-39.38601,-6.070316,-27.70451,10.59273,-24.80936,11.13693,-22.93425,11.67151,-25.94859,12.6873
-24.10387,9.812711,-41.62229,1.074708,-26.90332,9.347184,-42.3334,2.271106,-36.16499,8.851367,-43.10912,0.8203942,-39.31117,-6.130443,-27.73513,10.59586,-24.84177,11.14036,-22.96459,11.67151,-26.00992,12.68713
-24.15815,9.801504,-41.62647,1.033752,-26.95742,9.336101,-42.33637,2.223828,-36.19348,8.840471,-43.11316,0.7732589,-39.23421,-6.187829,-27.7657,10.59904,-24.87411,11.14381,-22.99493,11.67151,-26.07125,12.68697
-24.21264,9.790229,-41.63078,0.9928687,-27.00768,9.318591,-42.33923,2.176595,-36.22188,8.82934,-43.11718,0.7261004,-39.15535,-6.24258,-27.79939,10.60722,-24.90638,11.14728,-23.02527,11.67151,-26.13258,12.68683
-24.26735,9.778892,-41.63519,0.9520487,-27.06226,9.307384,-42.34201,2.129408,-36.25021,8.818021,-43.12119,0.6789184,-39.07523,-6.295472,-27.8298,10.6104,-24.93858,11.15075,-23.05561,11.67151,-26.19391,12.68671
-24.32734,9.778892,-41.63969,0.9112898,-27.11706,9.296065,-42.34473,2.08227,-36.27846,8.806518,-43.12519,0.6317123,-38.99405,-6.346706,-27.86016,10.61362,-24.96917,11.15076,-23.08595,11.67151,-26.25524,12.6866
-24.38243,9.767303,-41.64429,0.8705877,-27.17208,9.284644,-42.34739,2.03518,-36.30664,8.794847,-43.12918,0.5844819,-38.91203,-6.396593,-27.89044,10.61687,-25.00126,11.15433,-23.11629,11.67151,-26.31657,12.6865
-24.43774,9.755674,-41.64898,0.829939,-27.22733,9.273129,-42.35,1.988139,-36.33476,8.783022,-43.13315,0.5372267,-38.82933,-6.445345,-27.92066,10.62013,-25.03328,11.1579,-23.14664,11.67151,-26.3779,12.68641
-24.49774,9.755674,-41.65374,0.789342,-27.28282,9.261527,-42.35255,1.941149,-36.36279,8.771003,-43.13711,0.4899464,-38.74589,-6.492821,-27.95081,10.62342,-25.06386,11.1579,-23.17698,11.67151,-26.43923,12.68633
-24.55347,9.743839,-41.65858,0.7487935,-27.33855,9.249848,-42.35506,1.89421,-36.39076,8.758835,-43.14106,0.4426405,-38.66198,-6.539447,-27.98089,10.62673,-25.09575,11.16154,-23.20732,11.67151,-26.50056,12.68626
-24.60944,9.731991,-41.66348,0.7082906,-27.39453,9.238103,-42.35756,1.847322,-36.41867,8.746532,-43.145,0.3953089,-38.57768,-6.585387,-28.0109,10.63004,-25.12757,11.16518,-23.23766,11.67151,-26.56189,12.6862
-24.66944,9.731991,-41.66845,0.6678307,-27.45076,9.226299,-42.36002,1.800485,-36.44653,8.734107,-43.14893,0.3479511,-38.49308,-6.630764,-28.04083,10.63337,-25.15815,11.16518,-23.268,11.67151,-26.62322,12.68614
-24.72585,9.719986,-41.67347,0.6274117,-27.51169,9.226299,-42.36248,1.7537,-36.47433,8.721565,-43.15285,0.3005669,-38.40823,-6.675664,-28.06944,10.63337,-25.18984,11.16886,-23.29834,11.67151,-26.68456,12.68608
-24.78585,9.719986,-41.67854,0.5870311,-27.56837,9.214253,-42.36492,1.706967,-36.50208,8.708895,-43.15676,0.2531559,-38.32313,-6.72009,-28.09925,10.63678,-25.22042,11.16887,-23.32868,11.67151,-26.74589,12.68604
-24.84271,9.70786,-41.68366,0.5466874,-27.62532,9.202181,-42.36734,1.660287,-36.52977,8.69611,-43.16066,0.2057181,-38.23783,-6.764144,-28.12898,10.64018,-25.25196,11.17259,-23.35902,11.67151,-26.80722,12.686
-24.90271,9.70786,-41.68884,0.5063791,-27.68626,9.202181,-42.36977,1.613658,-36.55742,8.683224,-43.16455,0.1582529,-38.15239,-6.807906,-28.15759,10.64018,-25.28254,11.17259,-23.38936,11.67151,-26.86855,12.68596
-24.96004,9.69565,-41.69405,0.4661033,-27.7437,9.189928,-42.37218,1.567082,-36.58501,8.67023,-43.16843,0.1107604,-38.0668,-6.851388,-28.18718,10.64364,-25.31394,11.17633,-23.4197,11.67151,-26.92988,12.68592
-25.02004,9.69565,-41.6993,0.4258595,-27.80463,9.189928,-42.3746,1.520558,-36.61257,8.657142,-43.1723,0.06324016,-37.9811,-6.894656,-28.21579,10.64364,-25.34452,11.17633,-23.45004,11.67151,-26.99121,12.68589
-25.08004,9.69565,-41.70458,0.3856465,-27.86259,9.17754,-42.37703,1.474087,-36.64008,8.643966,-43.17616,0.01569207,-37.89257,-6.931769,-28.24524,10.64714,-25.37511,11.17634,-23.48038,11.67151,-27.05254,12.68587
-25.13808,9.683307,-41.70988,0.3454551,-27.92352,9.17754,-42.37945,1.427668,-36.66754,8.630679,-43.18002,-0.03188401,-37.80136,-6.961729,-28.27384,10.64714,-25.40629,11.18011,-23.51072,11.67151,-27.11387,12.68584
-25.19808,9.683307,-41.71522,0.3052915,-27.982,9.165062,-42.38188,1.381301,-36.69495,8.617311,-43.18386,-0.07948825,-37.70876,-6.987055,-28.30314,10.65066,-25.43687,11.18012,-23.54106,11.67151,-27.1752,12.68582
-25.25808,9.683307,-41.71624,0.259334,-28.04294,9.165062,-42.39125,1.34614,-36.72234,8.603871,-43.18768,-0.1270906,-37.61523,-7.008703,-28.33175,10.65066,-25.46745,11.18012,-23.5714,11.67151,-27.23653,12.6858
-25.31808,9.683307,-41.72409,0.2112571,-28.10387,9.165062,-42.40049,1.310749,-36.74968,8.590361,-43.18583,-0.1733871,-37.52102,-7.027098,-28.36036,10.65066,-25.49804,11.18012,-23.60174,11.67151,-27.29786,12.68578
-25.37808,9.683307,-41.72322,0.1646409,-28.16315,9.152459,-42.40954,1.27522,-36.777,8.576779,-43.18969,-0.2209995,-37.42627,-7.042582,-28.38943,10.65421,-25.52862,11.18013,-23.63208,11.67151,-27.35919,12.68577
-25.43808,9.683307,-41.72137,0.117766,-28.22408,9.152459,-42.41846,1.239436,-36.80427,8.563125,-43.1935,-0.2685998,-37.33113,-7.055359,-28.41804,10.65421,-25.5592,11.18013,-23.66242,11.67151,-27.42052,12.68575
-25.49757,9.670808,-41.72645,0.06894838,-28.28502,9.152459,-42.42728,1.203387,-36.83152,8.549407,-43.1906,-0.3148419,-37.23573,-7.066117,-28.44664,10.65421,-25.58994,11.18395,-23.69276,11.67151,-27.48186,12.68574
-25.55757,9.670808,-41.72297,0.02174702,-28.34596,9.152459,-42.43592,1.167163,-36.85873,8.535629,-43.19237,-0.3623098,-37.14016,-7.075145,-28.47525,10.65421,-25.62052,11.18396,-23.7231,11.67151,-27.54319,12.68573
-25.61757,9.670808,-41.72655,-0.02728923,-28.40689,9.152459,-42.44447,1.130659,-36.88592,8.521797,-43.18761,-0.4083977,-37.04446,-7.082789,-28.50385,10.65421,-25.6511,11.18396,-23.75344,11.67151,-27.60452,12.68572
-25.67757,9.670808,-41.72173,-0.07461525,-28.46783,9.152459,-42.45285,1.093965,-36.91308,8.507916,-43.18777,-0.4556946,-36.94869,-7.089327,-28.53246,10.65421,-25.68169,11.18396,-23.78378,11.67151,-27.66585,12.68571
-25.73757,9.670808,-41.72401,-0.1237144,-28.52876,9.152459,-42.46114,1.056981,-36.94021,8.493983,-43.18146,-0.5015965,-36.85284,-7.094805,-28.56107,10.65421,-25.71227,11.18396,-23.81412,11.67151,-27.72718,12.6857
-25.79757,9.670808,-41.71776,-0.1710996,-28.5897,9.152459,-42.46927,1.019795,-36.96732,8.479994,-43.18003,-0.5486649,-36.75695,-7.099265,-28.58967,10.65421,-25.74285,11.18396,-23.84446,11.67151,-27.78851,12.68569
-25.85756,9.670808,-41.71098,-0.218422,-28.65064,9.152459,-42.47733,0.98231,-36.9944,8.465961,-43.17796,-0.5956208,-36.66102,-7.10306,-28.61828,10.65421,-25.77343,11.18397,-23.8748,11.67151,-27.84984,12.68568
-25.91756,9.670808,-41.71148,-0.2674043,-28.71157,9.152459,-42.48531,0.9445243,-37.02146,8.451889,-43.16966,-0.641204,-36.56507,-7.10629,-28.64689,10.65421,-25.80402,11.18397,-23.90514,11.67151,-27.91117,12.68568
-25.97756,9.670808,-41.70369,-0.3145991,-28.77251,9.152459,-42.49316,0.9065295,-37.0485,8.437777,-43.16653,-0.687957,-36.46911,-7.109027,-28.67549,10.65421,-25.8346,11.18397,-23.93548,11.67151,-27.9725,12.68567
-26.03756,9.670808,-41.69463,-0.3618188,-28.83344,9.152459,-42.50093,0.8682265,-37.07552,8.423622,-43.1628,-0.7345827,-36.37314,-7.111292,-28.7041,10.65421,-25.86518,11.18397,-23.96582,11.67151,-28.03383,12.68567
-26.09756,9.670808,-41.69639,-0.4040456,-28.89438,9.152459,-42.50513,0.8240464,-37.10252,8.409429,-43.15292,-0.7798502,-36.27716,-7.113178,-28.73271,10.65421,-25.89576,11.18397,-23.99616,11.67151,-28.09516,12.68566
-26.15756,9.670808,-41.68925,-0.4445871,-28.95532,9.152459,-42.50934,0.7798555,-37.12951,8.395201,-43.14831,-0.8263285,-36.18117,-7.114771,-28.76131,10.65421,-25.92635,11.18397,-24.0265,11.67151,-28.15649,12.68566
-26.21756,9.670808,-41.68106,-0.4851509,-29.01625,9.152459,-42.51361,0.7355911,-37.15647,8.380939,-43.14326,-0.8727227,-36.08518,-7.116106,-28.78992,10.65421,-25.95693,11.18397,-24.05684,11.67151,-28.21782,12.68566
-26.27756,9.670808,-41.68375,-0.5233841,-29.07719,9.152459,-42.5115,0.6818154,-37.18341,8.366649,-43.13222,-0.9177213,-35.98919,-7.117244,-28.81853,10.65421,-25.98751,11.18397,-24.08718,11.67151,-28.27916,12.68565
-26.33756,9.670808,-41.67448,-0.5664073,-29.13812,9.152459,-42.51314,0.6337051,-37.21035,8.35233,-43.12656,-0.9640143,-35.89319,-7.118215,-28.84713,10.65421,-26.01809,11.18398,-24.11752,11.67151,-28.34049,12.68565
-26.39756,9.670808,-41.66553,-0.6093531,-29.19906,9.152459,-42.51481,0.5855535,-37.23726,8.337979,-43.12052,-1.010219,-35.7972,-7.119013,-28.87574,10.65421,-26.04868,11.18398,-24.14786,11.67151,-28.40182,12.68565
-26.45756,9.670808,-41.65687,-0.6522194,-29.26,9.152459,-42.51652,0.5373618,-37.26416,8.323597,-43.11411,-1.056338,-35.7012,-7.119661,-28.90434,10.65421,-26.07926,11.18398,-24.1782,11.67151,-28.46315,12.68565
-26.51756,9.670808,-41.65617,-0.6969185,-29.32093,9.152459,-42.51825,0.489131,-37.29105,8.309192,-43.10183,-1.101014,-35.6052,-7.120215,-28.93295,10.65421,-26.10984,11.18398,-24.20854,11.67151,-28.52448,12.68564
-26.57756,9.670808,-41.64788,-0.7396486,-29.38187,9.152459,-42.52001,0.4409026,-37.31792,8.294764,-43.09503,-1.147044,-35.5092,-7.120687,-28.96156,10.65421,-26.14042,11.18398,-24.23888,11.67151,-28.58581,12.68564
-26.63756,9.670808,-41.63978,-0.7823014,-29.4428,9.152459,-42.5218,0.3926364,-37.34478,8.280314,-43.088,-1.193023,-35.4132,-7.121091,-28.99016,10.65421,-26.17101,11.18398,-24.26922,11.67151,-28.64714,12.68564
-26.69756,9.670808,-41.63187,-0.8248743,-29.50374,9.152459,-42.52362,0.3443334,-37.37164,8.265842,-43.08073,-1.238948,-35.3172,-7.121428,-29.01877,10.65421,-26.20159,11.18398,-24.29956,11.67151,-28.70847,12.68564
-26.75756,9.670808,-41.62414,-0.8673671,-29.56468,9.152459,-42.52548,0.295994,-37.39848,8.251349,-43.07326,-1.284825,-35.2212,-7.121709,-29.04738,10.65421,-26.23217,11.18398,-24.3299,11.67151,-28.7698,12.68564
-26.81756,9.670808,-41.61657,-0.9097803,-29.62561,9.152459,-42.52737,0.2476189,-37.4253,8.236836,-43.0656,-1.330661,-35.1252,-7.121946,-29.07598,10.65421,-26.26275,11.18398,-24.36024,11.67151,-28.83113,12.68564
-26.87756,9.670808,-41.60914,-0.9521141,-29.68655,9.152459,-42.52929,0.1992084,-37.45212,8.222306,-43.05778,-1.376462,-35.0292,-7.122147,-29.10459,10.65421,-26.29333,11.18398,-24.39058,11.67151,-28.89246,12.68563
-26.93756,9.670808,-41.60669,-0.9879989,-29.74748,9.152459,-42.52715,0.145434,-37.47893,8.20776,-43.04983,-1.422267,-34.9332,-7.122318,-29.1332,10.65421,-26.32392,11.18398,-24.42092,11.67151,-28.95379,12.68563
-26.99755,9.670808,-41.59943,-1.030205,-29.80842,9.152459,-42.52922,0.09705725,-37.50573,8.193197,-43.04175,-1.468046,-34.8372,-7.122465,-29.1618,10.65421,-26.3545,11.18399,-24.45126,11.67151,-29.01513,12.68563
-27.05755,9.670808,-41.59229,-1.072327,-29.86936,9.152459,-42.53133,0.04864343,-37.53252,8.178617,-43.03351,-1.513792,-34.7412,-7.122584,-29.19041,10.65421,-26.38508,11.18399,-24.4816,11.67151,-29.07646,12.68563
-27.11755,9.670808,-41.58525,-1.114367,-29.93029,9.152459,-42.53347,0.0001926534,-37.55931,8.164019,-43.02514,-1.559512,-34.6452,-7.122683,-29.21902,10.65421,-26.41566,11.18399,-24.51194,11.67151,-29.13779,12.68563
-27.17755,9.670808,-41.5783,-1.156324,-29.99123,9.152459,-42.53564,-0.04829508,-37.58608,8.149407,-43.01667,-1.605217,-34.54919,-7.122766,-29.24762,10.65421,-26.44625,11.18399,-24.54228,11.67151,-29.19912,12.68563
-27.23755,9.670808,-41.57143,-1.198199,-30.05216,9.152459,-42.53785,-0.0968198,-37.61285,8.134783,-43.0081,-1.650907,-34.45319,-7.122838,-29.27623,10.65421,-26.47683,11.18399,-24.57262,11.67151,-29.26045,12.68563
-27.29755,9.670808,-41.56464,-1.23999,-30.1131,9.152459,-42.5401,-0.1453816,-37.63961,8.120145,-42.99944,-1.696583,-34.35719,-7.122897,-29.30483,10.65421,-26.50741,11.18399,-24.60296,11.67151,-29.32178,12.68563
-27.35755,9.670808,-41.55791,-1.281698,-30.17404,9.152459,-42.54237,-0.1939806,-37.66636,8.105493,-42.99068,-1.742246,-34.26119,-7.122946,-29.33344,10.65421,-26.53799,11.18399,-24.6333,11.67151,-29.38311,12.68563
-27.41755,9.670808,-41.55124,-1.323322,-30.23497,9.152459,-42.54469,-0.2426172,-37.69311,8.090829,-42.98185,-1.787901,-34.16519,-7.122986,-29.36205,10.65421,-26.56858,11.18399,-24.66364,11.67151,-29.44444,12.68563
-27.47755,9.670808,-41.54463,-1.364861,-30.29591,9.152459,-42.54704,-0.2912915,-37.71985,8.076155,-42.97294,-1.833552,-34.06919,-7.123021,-29.39065,10.65421,-26.59916,11.18399,-24.69398,11.67151,-29.50577,12.68563
-27.53755,9.670808,-41.53806,-1.406317,-30.35684,9.152459,-42.5481,-0.339935,-37.74658,8.06147,-42.96398,-1.879204,-33.97319,-7.12305,-29.41926,10.65421,-26.62974,11.18399,-24.72433,11.67151,-29.5671,12.68563
-27.59755,9.670808,-41.53152,-1.447694,-30.41778,9.152459,-42.54796,-0.388514,-37.77331,8.046777,-42.95496,-1.924856,-33.87719,-7.123075,-29.44787,10.65421,-26.66032,11.18399,-24.75467,11.67151,-29.62843,12.68563
-27.65755,9.670808,-41.52504,-1.489001,-30.47872,9.152459,-42.54677,-0.4370077,-37.80004,8.032074,-42.94589,-1.970512,-33.78119,-7.123096,-29.47647,10.65421,-26.69091,11.18399,-24.78501,11.67151,-29.68976,12.68563
-27.71755,9.670808,-41.51857,-1.530244,-30.53965,9.152459,-42.54426,-0.4853531,-37.82676,8.017361,-42.93676,-2.016168,-33.68519,-7.123113,-29.50508,10.65421,-26.72149,11.18399,-24.81535,11.67151,-29.75109,12.68563
-27.77755,9.670808,-41.51213,-1.571429,-30.60059,9.152459,-42.54084,-0.5335695,-37.85347,8.002639,-42.92759,-2.06183,-33.58919,-7.123127,-29.53369,10.65421,-26.75207,11.18399,-24.84569,11.67151,-29.81243,12.68563
-27.83755,9.670808,-41.50571,-1.612561,-30.66152,9.152459,-42.53664,-0.5816568,-37.88018,7.98791,-42.91838,-2.107501,-33.49319,-7.123139,-29.56229,10.65421,-26.78265,11.18399,-24.87603,11.67151,-29.87376,12.68563
-27.89755,9.670808,-41.49932,-1.653645,-30.72246,9.152459,-42.53173,-0.6296074,-37.90689,7.973173,-42.90913,-2.153181,-33.39719,-7.12315,-29.5909,10.65421,-26.81324,11.18399,-24.90637,11.67151,-29.93509,12.68563
-27.95755,9.670808,-41.49295,-1.694684,-30.7834,9.152459,-42.52614,-0.6774146,-37.93359,7.95843,-42.89985,-2.198873,-33.30119,-7.123159,-29.6195,10.65421,-26.84382,11.18399,-24.93671,11.67151,-29.99642,12.68563
-28.01755,9.670808,-41.48659,-1.735683,-30.84433,9.152459,-42.51988,-0.7250646,-37.96029,7.943679,-42.89054,-2.244575,-33.20518,-7.123166,-29.64811,10.65421,-26.8744,11.18399,-24.96705,11.67151,-30.05775,12.68563
-28.07755,9.670808,-41.47087,-1.778785,-30.90525,9.150989,-42.5213,-0.7645264,-37.98698,7.928921,-42.89019,-2.293501,-33.10918,-7.123172,-29.67672,10.65421,-26.90498,11.18399,-24.99739,11.67151,-30.11908,12.68563
-28.13754,9.670808,-41.46432,-1.817793,-30.96613,9.148331,-42.51735,-0.8088901,-38.01368,7.914158,-42.88069,-2.339173,-33.01318,-7.123178,-29.70532,10.65421,-26.93557,11.18399,-25.02773,11.67151,-30.18041,12.68563
-28.19754,9.670808,-41.45108,-1.862561,-31.02695,9.144588,-42.51774,-0.8484051,-38.04036,7.899389,-42.87114,-2.384825,-32.91718,-7.123182,-29.73393,10.65421,-26.96615,11.18399,-25.05807,11.67151,-30.24174,12.68563
-28.25754,9.670808,-41.45019,-1.904218,-31.08771,9.139898,-42.51448,-0.8930632,-38.06705,7.884614,-42.85606,-2.428636,-32.82118,-7.123186,-29.76254,10.65421,-26.99673,11.18399,-25.08841,11.67151,-30.30307,12.68563
-28.31754,9.670808,-41.44069,-1.943332,-31.14839,9.13429,-42.51069,-0.9375768,-38.09373,7.869835,-42.84652,-2.474346,-32.72518,-7.123189,-29.79114,10.65421,-27.02731,11.18399,-25.11875,11.67151,-30.3644,12.68563
-28.37754,9.670808,-41.42955,-1.984581,-31.20896,9.127618,-42.50277,-0.9851132,-38.12041,7.85505,-42.83693,-2.520054,-32.62918,-7.123191,-29.81975,10.65421,-27.0579,11.18399,-25.14909,11.67151,-30.42573,12.68563
-28.43754,9.670808,-41.42451,-2.020139,-31.26944,9.120198,-42.49128,-1.037689,-38.14709,7.840259,-42.82731,-2.565798,-32.53318,-7.123194,-29.84836,10.65421,-27.08848,11.18399,-25.17943,11.67151,-30.48706,12.68563
-28.49754,9.670808,-41.41394,-2.0613,-31.32984,9.112135,-42.48426,-1.085326,-38.17376,7.825464,-42.81765,-2.611544,-32.43718,-7.123196,-29.87696,10.65421,-27.11906,11.18399,-25.20977,11.67151,-30.5484,12.68563
-28.55754,9.670808,-41.40955,-2.096735,-31.39016,9.1035,-42.47338,-1.138031,-38.20043,7.810665,-42.80798,-2.657331,-32.34118,-7.123197,-29.90557,10.65421,-27.14964,11.18399,-25.24011,11.67151,-30.60973,12.68563
-28.61754,9.670808,-41.39946,-2.137792,-31.4504,9.094295,-42.46703,-1.185714,-38.22692,7.795539,-42.79826,-2.703122,-32.24518,-7.123199,-29.93418,10.65421,-27.18023,11.18399,-25.27045,11.67151,-30.67106,12.68563
-28.67754,9.670808,-41.38963,-2.178783,-31.51056,9.08458,-42.46013,-1.233277,-38.25323,7.780107,-42.7885,-2.748919,-32.14918,-7.123199,-29.96278,10.65421,-27.21081,11.18399,-25.30079,11.67151,-30.73239,12.68563
-28.73754,9.670808,-41.38614,-2.214038,-31.57064,9.074411,-42.44926,-1.285985,-38.27937,7.764385,-42.77874,-2.794761,-32.05318,-7.1232,-29.99139,10.65421,-27.24139,11.18399,-25.33113,11.67151,-30.79372,12.68563
-28.79754,9.670808,-41.37667,-2.254918,-31.63066,9.063884,-42.44323,-1.333635,-38.30536,7.748424,-42.76894,-2.840613,-31.95718,-7.123201,-30.01999,10.65421,-27.27197,11.18399,-25.36147,11.67151,-30.85505,12.68563
-28.85754,9.670808,-41.36739,-2.29573,-31.69062,9.053032,-42.43671,-1.38118,-38.33121,7.732236,-42.75912,-2.886475,-31.86118,-7.123202,-30.0486,10.65421,-27.30256,11.18399,-25.39181,11.67151,-30.91636,12.68432
