0 1
0 1
0 6
0 6
5 6
5 6
4 5
4 3
3 6
4 3
2 3
2 3
2 3
4 3
4 5
6 7
6 7
1 2
1 2
1 13
1 13
1 35
-1 -1
0 10
0 10
13 14
13 14
16 13
15 21
11 20
12 34
12 34
10 11
10 12
16 13
15 21
3 6
7 9
8 9
8 24
9 25
9 25
29 30
29 30
-1 -1
47 15
41 42
41 42
40 41
39 40
38 39
37 38
36 37
35 36
40 41
37 38
36 37
35 36
47 46
44 45
43 44
42 43
30 31
31 32
32 33
33 34
33 34
33 34
30 31
31 32
32 33
33 34
25 26
26 27
27 28
28 29
-1 -1
-1 -1
-1 -1
-1 -1
-1 -1
-1 -1
46 47
45 46
44 45
43 44
42 43
-1 -1
18 19
18 17
17 16
20 19
18 19
17 18
-1 -1
16 17
-1 -1
21 22
22 23
23 24
20 11
8 24
21 22
22 23
23 24
23 24
24 8
24 8
-1 -1
-1 -1
14 48
-1 -1
48 49
49 50
-1 -1
50 51
-1 -1
51 15