0 0 0 0 1 0 0 0 0 0 
-1 0 0 0 1 0 0 1 0 0 
0 0 0 0 0 0 0 1 1 0 
0 0 0 0 0 0 0 0 0 0 
0 0 0 0 1 0 0 0 0 0 
-1 0 0 0 1 0 0 1 0 0 
0 0 0 0 0 0 0 1 1 0 
0 0 0 0 0 0 0 0 0 0 
0 0 0 0 1 0 0 0 0 0 
-1 0 0 0 1 0 0 1 0 0 
0 0 0 0 0 0 0 1 1 0 
0 0 0 0 0 0 0 0 0 0 
0 0 0 0 1 0 0 0 0 0 
-1 0 0 0 1 0 0 1 0 0 
0 0 0 0 0 0 0 1 1 0 
0 0 0 0 0 0 0 0 0 0 
0 0 0 0 1 0 0 0 0 0 
-1 0 0 0 1 0 0 1 0 0 
0 0 0 0 0 0 0 1 1 0 
0 0 0 0 0 0 0 0 0 0 
0 0 0 0 1 0 0 0 0 0 
-1 0 0 0 1 0 0 1 0 0 
0 0 0 0 0 0 0 1 1 0 
0 0 0 0 0 0 0 0 0 0 
0 0 0 0 1 0 0 0 0 0 
-1 0 0 0 1 0 0 1 0 0 
0 0 0 0 0 0 0 1 1 0 
0 0 0 0 0 0 0 0 0 0 
0 0 0 0 1 0 0 0 0 0 
-1 0 0 0 1 0 0 1 0 0 
0 0 0 0 0 0 0 1 1 0 
0 0 0 0 0 0 0 0 0 0 
0 0 0 0 1 0 0 0 0 0 
-1 0 0 0 1 0 0 1 0 0 
0 0 0 0 0 0 0 1 1 0 
0 0 0 0 0 0 0 0 0 0 
-1 0 0 0 1 0 0 0 0 0 
-1 0 0 0 1 0 0 1 0 0 
0 0 0 0 0 0 0 1 1 0 
0 0 0 0 0 0 0 0 0 0 
-1 0 0 0 1 0 0 0 0 0 
-1 0 0 0 1 0 0 1 0 0 
0 0 0 0 0 0 0 1 1 0 
0 0 0 0 0 0 0 0 0 0 
-1 0 0 0 1 0 0 0 0 0 
-1 0 0 0 1 0 0 1 0 0 
0 0 0 0 0 0 0 1 1 0 
0 0 0 0 0 0 0 0 0 0 
-1 0 0 0 1 0 0 0 0 0 
-1 0 0 0 1 0 0 1 0 0 
0 0 0 0 0 0 0 1 1 0 
0 0 0 0 0 0 0 0 0 0 
-1 0 0 0 1 0 0 0 0 0 
-1 0 0 0 1 0 0 1 0 0 
0 0 0 0 0 0 0 1 1 0 
0 0 0 0 0 0 0 0 0 0 
-1 0 0 0 1 0 0 0 0 0 
-1 0 0 0 1 0 0 1 0 0 
0 0 0 0 0 0 0 1 1 0 
0 0 0 0 0 0 0 0 0 0 
-1 0 0 0 1 0 0 0 0 0 
-1 0 0 0 1 0 0 1 0 0 
0 0 0 0 0 0 0 1 1 0 
0 0 0 0 0 0 0 0 0 0 
-1 0 0 0 1 0 0 0 0 0 
-1 0 0 0 1 0 0 1 0 0 
0 0 0 0 0 0 0 1 1 0 
0 0 0 0 0 0 0 0 0 0 
-1 0 0 0 1 0 0 0 0 0 
-1 0 0 0 1 0 0 1 0 0 
0 0 0 0 0 0 0 1 1 0 
0 0 0 0 0 0 0 0 0 0 
-1 0 0 0 1 0 0 0 0 0 
-1 0 0 0 1 0 0 1 0 0 
0 0 0 0 0 0 0 1 1 0 
0 0 0 0 0 0 0 0 0 0 
-1 0 0 0 1 0 0 0 0 0 
-1 0 0 0 1 0 0 1 0 0 
0 0 0 0 0 0 0 1 1 0 
0 0 0 0 0 0 0 0 0 0 
-1 0 0 0 1 0 0 0 0 0 
-1 0 0 0 1 0 0 1 0 0 
0 0 0 0 0 0 0 1 1 0 
0 0 0 0 0 0 0 0 0 0 
-1 0 0 0 1 0 0 0 0 0 
-1 0 0 0 1 0 0 1 0 0 
0 0 0 0 0 0 0 1 1 0 
0 0 0 0 0 0 0 0 0 0 
-1 0 0 0 1 0 0 0 0 0 
-1 0 0 0 1 0 0 1 0 0 
0 0 0 0 0 0 0 1 1 0 
0 0 0 0 0 0 0 0 0 0 
-1 0 0 0 1 0 0 0 0 0 
-1 0 0 0 1 0 0 1 0 0 
0 0 0 0 0 0 0 1 1 0 
0 0 0 0 0 0 0 0 0 0 
-1 0 0 0 1 0 0 0 0 0 
-1 0 0 0 1 0 0 1 0 0 
0 0 0 0 0 0 0 1 1 0 
0 0 0 0 0 0 0 0 0 0 
-1 0 0 0 1 0 0 0 0 0 
-1 0 0 0 1 0 0 1 0 0 
0 0 0 0 0 0 0 1 1 0 
0 0 0 0 0 0 0 0 0 0 
-1 0 0 0 1 0 0 0 0 0 
-1 0 0 0 1 0 0 1 0 0 
0 0 0 0 0 0 0 1 1 0 
0 0 0 0 0 0 0 0 0 0 
-1 0 0 0 1 0 0 0 0 0 
-1 0 0 0 1 0 0 1 0 0 
0 0 0 0 0 0 0 1 1 0 
0 0 0 0 0 0 0 0 0 0 
-1 0 0 0 1 0 0 0 0 0 
-1 0 0 0 1 0 0 1 0 0 
0 0 0 0 0 0 0 1 1 0 
0 0 0 0 0 0 0 0 0 0 
-1 0 0 0 0 0 0 0 0 0 
-1 0 0 0 1 0 0 1 0 0 
0 0 0 0 0 0 0 1 1 0 
0 0 0 0 0 0 0 0 0 0 
-1 0 0 0 0 0 0 0 0 0 
-1 0 0 0 0 1 0 1 0 0 
0 0 0 0 0 0 0 1 1 0 
0 0 0 0 0 0 0 0 0 0 
-1 0 0 0 0 1 0 0 0 0 
-1 0 0 0 0 1 0 1 0 0 
0 0 0 0 0 0 0 1 1 0 
0 0 0 0 0 0 0 0 0 0 
-1 0 0 0 0 1 0 0 0 0 
-1 0 0 0 0 1 0 1 0 0 
0 0 0 0 0 0 0 0 1 0 
0 0 0 0 0 0 0 0 0 0 
-1 0 0 0 0 1 0 0 0 0 
-1 0 0 0 0 1 0 1 0 0 
0 0 0 0 0 0 0 0 1 0 
0 0 0 0 0 0 0 0 0 0 
-1 0 0 0 0 1 0 0 0 0 
-1 0 0 0 0 1 0 1 0 0 
0 0 0 0 0 0 0 0 1 0 
0 0 0 0 0 0 0 0 0 0 
-1 0 0 0 0 1 0 0 0 0 
-1 0 0 0 0 1 0 1 0 0 
0 0 0 0 0 0 0 0 1 0 
0 0 0 0 0 0 0 0 0 0 
-1 0 0 0 0 1 0 0 0 0 
-1 0 0 0 0 1 0 1 0 0 
0 0 0 0 0 0 0 0 1 0 
0 0 0 0 0 0 0 0 0 0 
-1 0 0 0 0 1 0 0 0 0 
-1 0 0 0 0 1 0 1 0 0 
0 0 0 0 0 0 0 1 1 0 
0 0 0 0 0 0 0 0 0 0 
-1 0 0 0 0 1 0 0 0 0 
-1 0 0 0 0 1 0 1 0 0 
0 0 0 0 0 0 0 1 1 0 
0 0 0 0 0 0 0 0 0 0 
-1 0 0 0 0 1 0 0 0 0 
-1 0 0 0 0 1 0 1 0 0 
0 0 0 0 0 0 0 1 1 0 
0 0 0 0 0 0 0 0 0 0 
-1 0 0 0 0 1 0 0 0 0 
-1 0 0 0 0 1 0 1 0 0 
0 0 0 0 0 0 0 1 1 0 
0 0 0 0 0 0 0 0 0 0 
-1 0 0 0 0 1 0 0 0 0 
-1 0 0 0 0 1 0 1 0 0 
0 0 0 0 0 0 0 1 1 0 
0 0 0 0 0 0 0 0 0 0 
-1 0 0 0 0 1 0 0 0 0 
-1 0 0 0 0 1 0 1 0 0 
0 0 0 0 0 0 0 1 1 0 
0 0 0 0 0 0 0 0 0 0 
-1 0 0 0 0 1 0 0 0 0 
-1 0 0 0 0 1 0 1 0 0 
0 0 0 0 0 0 0 1 1 0 
0 0 0 0 0 0 0 0 0 0 
-1 0 0 0 0 1 0 0 0 0 
-1 0 0 0 0 1 0 1 0 0 
0 0 0 0 0 0 0 1 1 0 
0 0 0 0 0 0 0 0 0 0 
-1 0 0 0 0 1 0 0 0 0 
-1 0 0 0 0 1 0 1 0 0 
0 0 0 0 0 0 0 1 1 0 
0 0 0 0 0 0 0 0 0 0 
-1 0 0 0 0 1 0 0 0 0 
-1 0 0 0 0 1 0 1 0 0 
0 0 0 0 0 0 0 1 1 0 
0 0 0 0 0 0 0 0 0 0 
-1 0 0 0 0 1 0 0 0 0 
-1 0 0 0 0 1 0 1 0 0 
0 0 0 0 0 0 0 1 1 0 
0 0 0 0 0 0 0 0 0 0 
-1 0 0 0 0 1 0 0 0 0 
-1 0 0 0 0 1 0 1 0 0 
0 0 0 0 0 0 0 1 1 0 
0 0 0 0 0 0 0 0 0 0 
-1 0 0 0 0 1 0 0 0 0 
-1 0 0 0 0 1 0 1 0 0 
0 0 0 0 0 0 0 1 1 0 
0 0 0 0 0 0 0 0 0 0 
-1 0 0 0 0 1 0 0 0 0 
-1 0 0 0 0 1 0 1 0 0 
0 0 0 0 0 0 0 1 1 0 
0 0 0 0 0 0 0 0 0 0 
-1 0 0 0 0 1 0 0 0 0 
-1 0 0 0 0 1 0 1 0 0 
0 0 0 0 0 0 0 1 1 0 
0 0 0 0 0 0 0 0 0 0 
-1 0 0 0 0 1 0 0 0 0 
-1 0 0 0 0 1 0 1 0 0 
0 0 0 0 0 0 0 1 0 0 
0 0 0 0 0 0 0 0 0 0 
-1 0 0 0 0 1 0 0 0 0 
-1 0 0 0 0 1 0 1 0 0 
0 0 0 0 0 0 0 1 0 0 
0 0 0 0 0 0 0 0 0 0 
-1 0 0 0 0 1 0 0 0 0 
-1 0 0 0 0 1 0 1 0 0 
0 0 0 0 0 0 0 1 0 0 
0 0 0 0 0 0 0 0 0 0 
-1 0 0 0 0 1 0 0 0 0 
-1 0 0 0 0 1 0 1 0 0 
0 0 0 0 0 0 0 1 0 0 
0 0 0 0 0 0 0 0 0 0 
-1 0 0 0 0 1 0 0 0 0 
-1 0 0 0 0 1 0 1 0 0 
0 0 0 0 0 0 0 1 0 0 
0 0 0 0 0 0 0 0 0 0 
-1 0 0 0 0 1 0 0 0 0 
-1 0 0 0 0 1 0 1 0 0 
0 0 0 0 0 0 0 1 0 0 
0 0 0 0 0 0 0 0 0 0 
-1 0 0 0 0 1 0 0 0 0 
-1 0 0 0 0 1 0 1 0 0 
0 0 0 0 0 0 0 1 0 0 
0 0 0 0 0 0 0 0 0 0 
-1 0 0 0 0 1 0 0 0 0 
-1 0 0 0 0 1 0 1 0 0 
0 0 0 0 0 0 0 1 0 0 
0 0 0 0 0 0 0 0 0 0 
-1 0 0 0 0 1 0 0 0 0 
-1 0 0 0 0 1 0 1 0 0 
0 0 0 0 0 0 0 1 0 0 
0 0 0 0 0 0 0 0 0 0 
-1 0 0 0 0 1 0 0 0 0 
-1 0 0 0 0 1 0 1 0 0 
0 0 0 0 0 0 0 1 0 0 
0 0 0 0 0 0 0 0 0 0 
-1 0 0 0 0 1 0 0 0 0 
-1 0 0 0 0 1 0 1 0 0 
0 0 0 0 0 0 0 1 0 0 
0 0 0 0 0 0 0 0 0 0 
-1 0 0 0 0 1 0 0 0 0 
-1 0 0 0 0 1 0 1 0 0 
0 0 0 0 0 0 0 1 0 0 
0 0 0 0 0 0 0 0 0 0 
-1 0 0 0 0 1 0 0 0 0 
-1 0 0 0 0 1 0 1 0 0 
0 0 0 0 0 0 0 1 0 0 
0 0 0 0 0 0 0 0 0 0 
-1 0 0 0 0 1 0 0 0 0 
-1 0 0 0 0 1 0 1 0 0 
0 0 0 0 0 0 0 1 0 0 
0 0 0 0 0 0 0 0 0 0 
-1 0 0 0 0 1 0 0 0 0 
-1 0 0 0 0 1 0 1 0 0 
0 0 0 0 0 0 0 1 0 0 
0 0 0 0 0 0 0 0 0 0 
-1 0 0 0 0 1 0 0 0 0 
-1 0 0 0 0 1 0 1 0 0 
0 0 0 0 0 0 0 1 0 0 
0 0 0 0 0 0 0 0 0 0 
-1 0 0 0 0 1 0 0 0 0 
-1 0 0 0 0 1 0 1 0 0 
0 0 0 0 0 0 0 1 0 0 
0 0 0 0 0 0 0 0 0 0 
-1 0 0 0 0 1 0 0 0 0 
-1 0 0 0 0 1 0 1 0 0 
0 0 0 0 0 0 0 1 0 0 
0 0 0 0 0 0 0 0 0 0 
-1 0 0 0 0 1 0 0 0 0 
-1 0 0 0 0 1 0 1 0 0 
0 0 0 0 0 0 0 1 0 0 
0 0 0 0 0 0 0 0 0 0 
-1 0 0 0 0 1 0 0 0 0 
-1 0 0 0 0 1 0 1 0 0 
0 0 0 0 0 0 0 1 0 0 
0 0 0 0 0 0 0 0 0 0 
-1 0 0 0 0 1 0 0 0 0 
-1 0 0 0 0 1 0 1 0 0 
0 0 0 0 0 0 0 1 0 0 
0 0 0 0 0 0 0 0 0 0 
-1 0 0 0 0 1 0 0 0 0 
-1 0 0 0 0 1 0 1 0 0 
0 0 0 0 0 0 0 1 0 0 
0 0 0 0 0 0 0 0 0 0 
0 0 0 0 1 0 0 0 1 0 
-1 0 0 0 1 0 0 0 1 0 
0 0 0 0 0 0 0 0 0 0 
0 0 0 0 0 0 0 0 0 0 
0 0 0 0 0 0 0 0 1 0 
-1 0 0 0 1 0 0 0 1 0 
0 0 0 0 0 0 0 0 0 0 
0 0 0 0 0 0 0 0 0 0 
0 0 0 0 0 0 0 0 1 0 
-1 0 0 0 1 0 0 0 1 0 
0 0 0 0 0 0 0 0 0 0 
0 0 0 0 0 0 0 0 0 0 
0 0 0 0 0 0 0 0 1 0 
-1 0 0 0 1 0 0 0 1 0 
0 0 0 0 0 0 0 0 0 0 
0 0 0 0 0 0 0 0 0 0 
0 0 0 0 0 0 0 0 1 0 
-1 0 0 0 1 0 0 0 1 0 
0 0 0 0 0 0 0 0 0 0 
0 0 0 0 0 0 0 0 0 0 
0 0 0 0 0 0 0 0 1 0 
-1 0 0 0 1 0 0 0 1 0 
0 0 0 0 0 0 0 0 0 0 
0 0 0 0 0 0 0 0 0 0 
0 0 0 0 0 0 0 0 1 0 
-1 0 0 0 1 0 0 0 1 0 
0 0 0 0 0 0 0 0 0 0 
0 0 0 0 0 0 0 0 0 0 
0 0 0 0 0 0 0 0 1 0 
-1 0 0 0 1 0 0 0 1 0 
0 0 0 0 0 0 0 0 0 0 
0 0 0 0 0 0 0 0 0 0 
0 0 0 0 0 0 0 0 1 0 
-1 0 0 0 1 0 0 0 1 0 
0 0 0 0 0 0 0 0 0 0 
0 0 0 0 0 0 0 0 0 0 
0 0 0 0 0 0 0 0 1 0 
-1 0 0 1 1 0 0 0 1 0 
0 0 0 0 0 0 0 0 0 0 
0 0 0 0 0 0 0 0 0 0 
0 0 0 0 0 0 0 0 1 0 
-1 0 0 1 1 0 0 0 1 0 
0 0 0 0 0 0 0 0 0 0 
0 0 0 0 0 0 0 0 0 0 
0 0 0 0 0 0 0 0 1 0 
-1 0 0 1 1 0 0 0 1 0 
0 0 0 0 0 0 0 0 0 0 
0 0 0 0 0 0 0 0 0 0 
0 0 0 0 0 0 0 0 1 0 
-1 0 0 1 1 0 0 0 1 0 
0 0 0 0 0 0 0 0 0 0 
0 0 0 0 0 0 0 0 0 0 
0 0 0 0 0 0 0 0 1 0 
-1 0 0 1 1 0 0 0 1 0 
0 0 0 0 0 0 0 0 0 0 
0 0 0 0 0 0 0 0 0 0 
0 0 0 0 0 0 0 0 1 0 
-1 0 0 1 0 0 0 0 1 0 
0 0 0 0 0 0 0 0 0 0 
0 0 0 0 0 0 0 0 0 0 
0 0 0 0 0 0 0 0 1 0 
-1 0 0 1 0 0 0 0 1 0 
0 0 0 0 0 0 0 0 0 0 
0 0 0 0 0 0 0 0 0 0 
0 0 0 0 0 0 0 0 1 0 
-1 0 0 1 0 0 0 0 1 0 
0 0 0 0 0 0 0 0 0 0 
0 0 0 0 0 0 0 0 0 0 
0 0 0 0 0 0 0 0 1 0 
-1 0 0 1 0 0 0 0 1 0 
0 0 0 0 0 0 0 0 0 0 
0 0 0 0 0 0 0 0 0 0 
0 0 0 0 0 0 0 0 1 0 
-1 0 0 1 0 0 0 0 1 0 
0 0 0 0 0 0 0 0 0 0 
0 0 0 0 0 0 0 0 0 0 
0 0 0 0 0 0 0 0 1 0 
-1 0 0 1 0 0 0 0 1 0 
0 0 0 0 0 0 0 0 0 0 
0 0 0 0 0 0 0 0 0 0 
0 0 0 0 0 0 0 0 1 0 
-1 0 0 1 0 0 0 0 1 1 
0 0 0 0 0 0 0 0 0 0 
0 0 0 0 0 0 0 0 0 0 
0 0 0 0 0 0 0 0 1 0 
-1 0 0 1 0 0 0 0 1 1 
0 0 0 0 0 0 0 0 0 0 
0 0 0 0 0 0 0 0 0 0 
0 0 0 1 0 0 0 0 1 0 
-1 0 0 1 0 0 0 0 1 1 
0 0 0 0 0 0 0 0 0 0 
0 0 0 0 0 0 0 0 0 0 
0 0 0 1 0 0 0 0 1 0 
-1 0 0 1 0 0 0 0 1 1 
0 0 0 0 0 0 0 0 0 0 
0 0 0 0 0 0 0 0 0 0 
0 0 0 1 0 0 0 0 1 0 
-1 0 0 1 0 0 0 0 1 1 
0 0 0 0 0 0 0 0 0 0 
0 0 0 0 0 0 0 0 0 0 
0 0 0 1 0 0 0 0 1 0 
-1 0 0 1 0 0 0 0 1 1 
0 0 0 0 0 0 0 0 0 0 
0 0 0 0 0 0 0 0 0 0 
0 0 0 1 0 0 0 0 1 0 
-1 0 0 1 0 0 0 0 1 1 
0 0 0 0 0 0 0 0 0 0 
0 0 0 0 0 0 0 0 0 0 
0 0 0 1 0 0 0 0 1 0 
-1 0 0 1 0 0 0 0 1 1 
0 0 0 0 0 0 0 0 0 0 
0 0 0 0 0 0 0 0 0 0 
0 0 0 1 0 0 0 0 1 0 
-1 0 0 1 0 0 0 0 1 1 
0 0 0 0 0 0 0 0 0 0 
0 0 0 0 0 0 0 0 0 0 
0 0 0 0 0 0 0 0 1 0 
-1 0 0 1 0 0 0 0 1 1 
0 0 0 0 0 0 0 0 0 0 
0 0 0 0 0 0 0 0 0 0 
0 0 0 0 0 0 0 0 1 0 
-1 0 0 1 0 0 0 0 1 1 
0 0 0 0 0 0 0 0 0 0 
0 0 0 0 0 0 0 0 0 0 
0 0 0 0 0 0 0 0 1 0 
-1 0 0 1 0 0 0 0 1 1 
0 0 0 0 0 0 0 0 0 0 
0 0 0 0 0 0 0 0 0 0 
0 0 0 0 0 0 0 0 1 0 
-1 0 0 1 0 0 0 0 1 1 
0 0 0 0 0 0 0 0 0 0 
0 0 0 0 0 0 0 0 0 0 
0 0 0 0 0 0 0 0 1 0 
-1 0 0 1 0 0 0 0 1 1 
0 0 0 0 0 0 0 0 0 0 
0 0 0 0 0 0 0 0 0 0 
0 0 0 0 0 0 0 0 1 0 
-1 0 0 1 0 0 0 0 1 1 
0 0 0 0 0 0 0 0 0 0 
0 0 0 0 0 0 0 0 0 0 
0 0 0 0 0 0 0 0 1 0 
-1 0 0 1 0 0 0 0 1 1 
0 0 0 0 0 0 0 0 0 0 
0 0 0 0 0 0 0 0 0 0 
0 0 0 0 0 0 0 0 1 0 
-1 0 0 1 0 0 0 0 1 1 
0 0 0 0 0 0 0 0 0 0 
0 0 0 0 0 0 0 0 0 0 
0 0 0 0 0 0 0 0 1 0 
-1 0 1 1 0 0 0 0 1 1 
0 0 0 0 0 0 0 0 0 0 
0 0 0 0 0 0 0 0 0 0 
0 0 0 0 0 0 0 0 1 0 
-1 0 1 1 0 0 0 0 1 1 
0 0 0 0 0 0 0 0 0 0 
0 0 0 0 0 0 0 0 0 0 
0 0 0 0 0 0 0 0 1 0 
-1 0 1 1 0 0 0 0 1 1 
0 0 0 0 0 0 0 0 0 0 
0 0 0 0 0 0 0 0 0 0 
0 0 0 0 0 0 0 0 1 0 
-1 0 1 1 0 0 0 0 1 1 
0 0 0 0 0 0 0 0 0 0 
0 0 0 0 0 0 0 0 0 0 
0 0 0 0 0 0 0 0 1 0 
-1 0 1 1 0 0 0 0 1 1 
0 0 0 0 0 0 0 0 0 0 
0 0 0 0 0 0 0 0 0 0 
0 0 0 0 0 0 0 0 1 0 
-1 0 1 0 0 0 0 0 1 1 
0 0 0 0 0 0 0 0 0 0 
0 0 0 0 0 0 0 0 0 0 
0 0 0 0 0 0 0 0 1 0 
-1 0 1 0 0 0 0 0 1 1 
0 0 0 0 0 0 0 0 0 0 
0 0 0 0 0 0 0 0 0 0 
0 0 0 0 0 0 0 0 1 0 
-1 0 1 0 0 0 0 0 1 1 
0 0 0 0 0 0 0 0 0 0 
0 0 0 0 0 0 0 0 0 0 
0 0 0 0 0 0 0 0 1 0 
-1 0 1 0 0 0 0 0 1 1 
0 0 0 0 0 0 0 0 0 0 
0 0 0 0 0 0 0 0 0 0 
0 0 0 0 0 0 0 0 0 0 
-1 0 0 0 0 0 0 0 0 0 
0 0 0 car51 0 0 0 0 0 0 
0 car35 2 car51 0 0 0 0 0 0 
0 0 0 0 0 0 0 0 0 0 
-1 0 0 0 0 0 0 0 0 0 
0 0 0 car51 0 0 0 0 0 0 
0 car35 2 car51 0 0 0 0 0 0 
0 0 0 0 0 0 0 0 0 0 
-1 0 0 0 0 0 0 0 0 0 
0 0 0 car51 0 0 0 0 0 0 
0 car35 2 car51 0 0 0 0 0 0 
0 0 0 0 0 0 0 0 0 0 
-1 0 0 0 0 0 0 0 0 0 
0 0 0 car51 0 0 0 0 0 0 
0 car35 2 car51 0 0 0 0 0 0 
0 0 0 0 0 0 0 0 0 0 
-1 0 0 0 0 0 0 0 0 0 
0 0 0 car51 0 0 0 0 0 0 
0 car35 2 car51 0 0 0 0 0 0 
0 0 0 0 0 0 0 0 0 0 
-1 0 0 0 0 0 0 0 0 0 
0 0 0 car51 0 0 0 0 0 0 
0 car35 2 car51 0 0 0 0 0 0 
0 0 0 0 0 0 0 0 0 0 
-1 0 0 0 0 0 0 0 0 0 
0 0 0 car51 0 0 0 0 0 0 
0 car35 2 car51 0 0 0 0 0 0 
0 0 0 0 0 0 0 0 0 0 
-1 0 0 0 0 0 0 0 0 0 
0 0 0 car51 0 0 0 0 0 0 
0 car35 2 car51 0 0 0 0 0 0 
0 0 0 0 0 0 0 0 0 0 
-1 0 0 0 0 0 0 0 0 0 
0 0 0 car51 0 0 0 0 0 0 
0 car35 2 car51 0 0 0 0 0 0 
0 0 0 0 0 0 0 0 0 0 
-1 0 0 0 0 0 0 0 0 0 
0 0 0 car51 0 0 0 0 0 0 
0 car35 2 car51 0 0 0 0 0 0 
0 0 0 0 0 0 0 0 0 0 
-1 0 0 0 0 0 0 0 0 0 
0 0 0 car51 0 0 0 0 0 0 
0 car35 2 car51 0 0 0 0 0 0 
0 0 0 0 0 0 0 0 0 0 
-1 0 0 0 0 0 0 0 0 0 
0 0 0 car51 0 0 0 0 0 0 
0 car35 2 car51 0 0 0 0 0 0 
0 0 0 0 0 0 0 0 0 0 
-1 0 0 0 0 0 0 0 0 0 
0 0 0 car51 0 0 0 0 0 0 
0 car35 2 car51 0 0 0 0 0 0 
0 0 0 0 0 0 0 0 0 0 
-1 0 0 0 0 0 0 0 0 0 
0 0 0 car51 0 0 0 0 0 0 
0 car35 2 car51 0 0 0 0 0 0 
0 0 0 0 0 0 0 0 0 0 
-1 0 0 0 0 0 0 0 0 0 
0 0 0 car51 0 0 0 0 0 0 
0 car35 2 car51 0 0 0 0 0 0 
0 0 0 0 0 0 0 0 0 0 
-1 0 0 0 0 0 0 0 0 0 
0 0 0 car51 0 0 0 0 0 0 
0 car35 2 car51 0 0 0 0 0 0 
0 0 0 0 0 0 0 0 0 0 
-1 0 0 0 0 0 0 0 0 0 
0 0 0 car51 0 0 0 0 0 0 
0 car35 2 car51 0 0 0 0 0 0 
0 0 0 0 0 0 0 0 0 0 
-1 0 0 0 0 0 0 0 0 0 
0 0 0 car51 0 0 0 0 0 0 
0 car35 2 car51 0 0 0 0 0 0 
0 0 0 0 0 0 0 0 0 0 
-1 0 0 0 0 0 0 0 0 0 
0 0 0 car51 0 0 0 0 0 0 
0 car35 2 car51 0 0 0 0 0 0 
0 0 0 0 0 0 0 0 0 0 
-1 0 0 0 0 0 0 0 0 0 
0 0 0 car51 0 0 0 0 0 0 
0 car35 2 car51 0 0 0 0 0 0 
0 0 0 0 0 0 0 0 0 0 
-1 0 0 0 0 0 0 0 0 0 
0 0 0 car51 0 0 0 0 0 0 
0 car35 2 car51 0 0 0 0 0 0 
0 0 0 0 0 0 0 0 0 0 
-1 0 0 0 0 0 0 0 0 0 
0 0 0 car51 0 0 0 0 0 0 
0 car35 2 car51 0 0 0 0 0 0 
0 0 0 0 0 0 0 0 0 0 
-1 0 0 0 0 0 0 0 0 0 
0 0 0 car51 0 0 0 0 0 0 
0 car35 2 car51 0 0 0 0 0 0 
0 0 0 0 0 0 0 0 0 0 
-1 0 0 0 0 0 0 0 0 0 
0 0 0 car51 0 0 0 0 0 0 
0 car35 2 car51 0 0 0 0 0 0 
0 0 0 0 0 0 0 0 0 0 
-1 0 0 0 0 0 0 0 0 0 
0 0 0 car51 0 0 0 0 0 0 
0 car35 2 car51 0 0 0 0 0 0 
0 0 0 0 0 0 0 0 0 0 
-1 0 0 0 0 0 0 0 0 0 
0 0 0 car51 0 0 0 0 0 0 
0 car35 2 car51 0 0 0 0 0 0 
0 0 0 0 0 0 0 0 0 0 
-1 0 0 0 0 0 0 0 0 0 
0 0 0 car51 0 0 0 0 0 0 
0 car35 2 car51 0 0 0 0 0 0 
0 0 0 0 0 0 0 0 0 0 
-1 0 0 0 0 0 0 0 0 0 
0 0 0 car51 0 0 0 0 0 0 
0 car35 2 car51 0 0 0 0 0 0 
0 0 0 0 0 0 0 0 0 0 
-1 0 0 0 0 0 0 0 0 0 
0 0 0 car51 0 0 0 0 0 0 
0 car35 2 car51 0 0 0 0 0 0 
0 0 0 0 0 0 0 0 0 0 
-1 0 0 0 0 0 0 0 0 0 
0 0 0 car51 0 0 0 0 0 0 
0 car35 2 car51 0 0 0 0 0 0 
0 0 0 0 0 0 0 0 0 0 
-1 0 0 0 0 0 0 0 0 0 
0 0 0 car51 0 0 0 0 0 0 
0 car35 2 car51 0 0 0 0 0 0 
0 0 0 0 0 0 0 0 0 0 
-1 0 0 0 0 0 0 0 0 0 
0 0 0 car51 0 0 0 0 0 0 
0 car35 2 car51 0 0 0 0 0 0 
0 0 0 0 0 0 0 0 0 0 
-1 0 0 0 0 0 0 0 0 0 
0 0 0 car51 0 0 0 0 0 0 
0 car35 2 car51 0 0 0 0 0 0 
0 0 0 0 0 0 0 0 0 0 
-1 0 0 0 0 0 0 0 0 0 
0 0 0 car51 0 0 0 0 0 0 
0 car35 2 car51 0 0 0 0 0 0 
0 0 0 0 0 0 0 0 0 0 
-1 0 0 0 0 0 0 0 0 0 
0 0 0 car51 0 0 0 0 0 0 
0 car35 2 car51 0 0 0 0 0 0 
0 0 0 0 0 0 0 0 0 0 
-1 0 0 0 0 0 0 0 0 0 
0 0 0 car51 0 0 0 0 0 0 
0 car35 2 car51 0 0 0 0 0 0 
0 0 0 0 0 0 0 0 0 0 
-1 0 0 0 0 0 0 0 0 0 
0 0 0 car51 0 0 0 0 0 0 
0 car35 2 car51 0 0 0 0 0 0 
0 0 0 0 0 0 0 0 0 0 
-1 0 0 0 0 0 0 0 0 0 
0 0 0 car51 0 0 0 0 0 0 
0 car35 2 car51 0 0 0 0 0 0 
0 0 0 0 0 0 0 0 0 0 
-1 0 0 0 0 0 0 0 0 0 
0 0 0 car51 0 0 0 0 0 0 
0 car35 2 car51 0 0 0 0 0 0 
0 0 0 0 0 0 0 0 0 0 
-1 0 0 0 0 0 0 0 0 0 
0 0 0 car51 0 0 0 0 0 0 
0 car35 2 car51 0 0 0 0 0 0 
0 0 0 0 0 0 0 0 0 0 
-1 0 0 0 0 0 0 0 0 0 
0 0 0 car51 0 0 0 0 0 0 
0 car35 2 car51 0 0 0 0 0 0 
0 0 0 0 0 0 0 0 0 0 
-1 0 0 0 0 0 0 0 0 0 
0 0 0 car51 0 0 0 0 0 0 
0 car35 2 car51 0 0 0 0 0 0 
0 0 0 0 0 0 0 0 0 0 
-1 0 0 0 0 0 0 0 0 0 
0 0 0 car51 0 0 0 0 0 0 
0 car35 2 car51 0 0 0 0 0 0 
